MatchingHeadPose: NotDiv/Pose/NotNormalize/ - Div/Test/Pose/NotNormalize/ : 2015-05-28.11:41:57
aCosine: 12(0.978058) 10(0.975169) 6(0.974718) 0(0.973740) 13(0.966047) 14(0.964472) 5(0.962458) 2(0.959029) 11(0.956837) 8(0.955200) 9(0.949983) 4(0.936186) 3(0.930264) 7(0.917140) 1(0.892631) 

MatchingIndex 0 - 0 : 12 13 14 9 3 2 0 1 4 7 6 8 10 5 11 (*)

aCosine: 12(0.986355) 6(0.983243) 13(0.979537) 0(0.978731) 8(0.973004) 14(0.971932) 5(0.968475) 10(0.965743) 11(0.963310) 9(0.957834) 3(0.948106) 4(0.947772) 2(0.939265) 7(0.931701) 1(0.899810) 

MatchingIndex 1 - 0 : 12 13 14 11 1 3 0 2 5 4 9 7 6 8 10 (*)

aCosine: 10(0.978717) 0(0.975871) 12(0.975612) 13(0.974571) 5(0.965670) 2(0.962035) 9(0.960863) 11(0.958704) 4(0.958610) 14(0.954127) 6(0.949320) 8(0.941706) 7(0.925083) 3(0.923120) 1(0.896796) 

MatchingIndex 2 - 0 : 10 12 13 11 14 2 1 3 7 4 0 6 5 9 8 (*)

aCosine: 8(0.968582) 3(0.961075) 14(0.959988) 6(0.959687) 7(0.952070) 11(0.950447) 12(0.946478) 9(0.945187) 5(0.941145) 13(0.939543) 0(0.937735) 4(0.931271) 1(0.930003) 10(0.922509) 2(0.899892) 

MatchingIndex 3 - 1 : 8 14 7 11 12 13 5 2 3 0 1 9 10 4 6 (*)

aCosine: 7(0.976780) 1(0.975404) 9(0.971635) 3(0.969793) 11(0.969600) 14(0.967288) 4(0.963779) 0(0.961471) 8(0.959408) 12(0.959127) 5(0.957599) 13(0.954031) 10(0.951301) 6(0.950461) 2(0.949516) 

MatchingIndex 4 - 1 : 7 9 11 14 12 13 0 1 5 3 6 4 10 2 8 (*)

aCosine: 10(0.928961) 2(0.922008) 9(0.910422) 0(0.908063) 12(0.904730) 4(0.903259) 11(0.901633) 13(0.900101) 5(0.895359) 14(0.885529) 7(0.881781) 1(0.871167) 8(0.869285) 3(0.866545) 6(0.856990) 

MatchingIndex 5 - 1 : 10 9 12 13 14 3 0 6 1 4 2 5 11 7 8 (*)

aCosine: 2(0.988914) 7(0.960149) 9(0.958609) 11(0.954054) 0(0.952270) 14(0.951806) 10(0.950212) 1(0.949711) 5(0.946838) 4(0.946623) 12(0.944091) 3(0.942049) 6(0.934441) 13(0.932867) 8(0.925548) 

MatchingIndex 6 - 2 : 2 7 9 11 14 13 0 1 3 5 6 10 8 4 12 (=)

aCosine: 2(0.997297) 9(0.974470) 10(0.967422) 5(0.964432) 12(0.963985) 0(0.962840) 14(0.962771) 11(0.961549) 7(0.959988) 13(0.956588) 3(0.956435) 4(0.953887) 6(0.953526) 8(0.946652) 1(0.942075) 

MatchingIndex 7 - 2 : 2 9 10 12 14 3 1 4 0 5 7 6 11 8 13 (=)

aCosine: 2(0.977484) 10(0.963888) 9(0.955927) 12(0.950812) 0(0.949129) 13(0.948297) 5(0.943111) 4(0.940480) 11(0.940239) 14(0.929050) 7(0.919709) 6(0.918239) 3(0.916431) 8(0.914356) 1(0.893913) 

MatchingIndex 8 - 2 : 2 10 12 13 14 4 0 6 1 5 9 7 11 8 3 (=)

aCosine: 3(0.960721) 6(0.955016) 14(0.953030) 11(0.952787) 8(0.952757) 7(0.942244) 1(0.935375) 0(0.934930) 9(0.931394) 4(0.928699) 5(0.928072) 12(0.927521) 2(0.917554) 13(0.917296) 10(0.912232) 

MatchingIndex 9 - 3 : 3 6 14 9 12 13 4 5 7 1 2 8 10 0 11 (=)

aCosine: 3(0.974672) 11(0.969484) 9(0.968779) 7(0.966631) 14(0.960999) 8(0.958775) 4(0.956723) 6(0.956405) 0(0.955866) 1(0.951673) 5(0.948064) 12(0.947243) 2(0.945561) 13(0.940995) 10(0.937370) 

MatchingIndex 10 - 3 : 3 11 14 12 13 2 5 4 6 7 0 9 10 1 8 (=)

aCosine: 2(0.970673) 11(0.968124) 1(0.962461) 0(0.960613) 7(0.958587) 4(0.958507) 9(0.957410) 3(0.946621) 14(0.943539) 10(0.941837) 12(0.939144) 5(0.936178) 6(0.930940) 13(0.929986) 8(0.921731) 

MatchingIndex 11 - 3 : 2 11 9 14 12 13 0 4 3 5 6 7 8 1 10 (*)

aCosine: 5(0.980277) 8(0.976711) 13(0.974459) 14(0.974414) 9(0.973865) 12(0.970320) 4(0.969610) 6(0.967035) 3(0.961962) 10(0.961819) 11(0.958130) 7(0.953600) 0(0.952229) 2(0.935399) 1(0.905718) 

MatchingIndex 12 - 4 : 5 8 13 14 11 4 2 1 6 7 0 3 10 9 12 (*)

aCosine: 8(0.978091) 6(0.977667) 5(0.977254) 13(0.975863) 14(0.974708) 12(0.974326) 4(0.968788) 11(0.963707) 9(0.960822) 3(0.956704) 0(0.955321) 10(0.953587) 7(0.945631) 2(0.928677) 1(0.911083) 

MatchingIndex 13 - 4 : 8 13 14 0 3 4 5 2 6 7 1 9 11 12 10 (*)

aCosine: 10(0.959034) 13(0.946087) 4(0.945990) 2(0.940461) 12(0.940280) 5(0.938344) 9(0.938320) 0(0.934321) 11(0.929404) 14(0.917769) 8(0.901694) 7(0.899521) 6(0.897630) 3(0.886951) 1(0.865070) 

MatchingIndex 14 - 4 : 10 13 9 11 14 3 0 6 7 8 4 1 5 12 2 (*)

aCosine: 14(0.979672) 5(0.979129) 8(0.972953) 6(0.969467) 9(0.963908) 10(0.962450) 3(0.961547) 12(0.960944) 13(0.959199) 11(0.955549) 7(0.955427) 4(0.947671) 2(0.945993) 0(0.944112) 1(0.926237) 

MatchingIndex 15 - 5 : 14 8 9 10 12 13 4 0 6 7 2 1 11 3 5 (*)

aCosine: 5(0.987963) 8(0.985163) 6(0.982141) 14(0.980623) 13(0.974637) 12(0.974216) 10(0.963868) 9(0.962001) 3(0.959956) 11(0.958469) 4(0.950417) 0(0.949945) 7(0.945232) 2(0.937230) 1(0.908424) 

MatchingIndex 16 - 5 : 5 8 14 11 2 3 4 1 6 7 9 0 10 12 13 (=)

aCosine: 5(0.977750) 14(0.966574) 8(0.957277) 7(0.956716) 13(0.955431) 6(0.954843) 4(0.953886) 3(0.953759) 11(0.951429) 12(0.951162) 9(0.950602) 10(0.944056) 1(0.943614) 0(0.935921) 2(0.935596) 

MatchingIndex 17 - 5 : 5 14 13 12 3 4 2 6 7 0 1 9 10 11 8 (=)

aCosine: 6(0.978498) 8(0.969150) 14(0.956109) 12(0.950261) 5(0.942583) 13(0.941329) 3(0.939773) 11(0.931478) 10(0.927564) 0(0.927311) 9(0.919052) 7(0.904365) 4(0.902231) 2(0.894553) 1(0.876230) 

MatchingIndex 18 - 6 : 6 8 14 13 2 3 5 4 7 1 9 10 11 0 12 (=)

aCosine: 6(0.992771) 8(0.979127) 14(0.972369) 12(0.970519) 13(0.964010) 5(0.962637) 11(0.956167) 0(0.955977) 3(0.953684) 10(0.947489) 9(0.942267) 4(0.933144) 7(0.926979) 2(0.921540) 1(0.900936) 

MatchingIndex 19 - 6 : 6 8 14 13 1 0 5 2 3 4 9 10 11 7 12 (=)

aCosine: 9(0.983700) 12(0.983607) 5(0.982840) 0(0.982006) 13(0.981250) 4(0.981225) 14(0.980791) 10(0.980532) 11(0.980351) 2(0.976785) 6(0.973287) 8(0.967512) 7(0.967188) 3(0.962431) 1(0.938713) 

MatchingIndex 20 - 6 : 9 12 13 14 2 0 3 1 7 5 6 8 4 10 11 (*)

aCosine: 7(0.988315) 3(0.965629) 14(0.965222) 1(0.963040) 11(0.957113) 9(0.956804) 8(0.952856) 4(0.950089) 6(0.949285) 5(0.949068) 0(0.940311) 2(0.939106) 12(0.937250) 13(0.930031) 10(0.926403) 

MatchingIndex 21 - 7 : 7 14 6 12 13 0 5 3 4 8 1 9 10 2 11 (=)

aCosine: 7(0.992189) 9(0.975256) 3(0.964346) 14(0.963799) 4(0.962818) 1(0.961608) 5(0.959033) 11(0.957683) 2(0.949861) 8(0.948740) 0(0.944579) 12(0.944496) 10(0.942138) 13(0.941831) 6(0.939630) 

MatchingIndex 22 - 7 : 7 9 14 11 12 13 1 3 6 4 2 8 10 0 5 (=)

aCosine: 7(0.976156) 1(0.965440) 9(0.953785) 2(0.953376) 4(0.945051) 11(0.941608) 3(0.936912) 14(0.936689) 5(0.934112) 0(0.931665) 10(0.926732) 12(0.920053) 13(0.913304) 8(0.910083) 6(0.909037) 

MatchingIndex 23 - 7 : 7 9 4 11 14 12 13 1 6 2 8 5 0 3 10 (=)

aCosine: 8(0.974326) 6(0.972203) 14(0.971996) 5(0.960967) 3(0.960497) 12(0.952733) 7(0.947972) 11(0.944688) 13(0.942847) 9(0.939705) 10(0.934724) 0(0.934249) 4(0.929233) 2(0.918600) 1(0.915918) 

MatchingIndex 24 - 8 : 8 14 11 13 2 3 5 4 6 1 0 9 7 10 12 (=)

aCosine: 8(0.984073) 14(0.969814) 5(0.969651) 3(0.969215) 6(0.967793) 12(0.962715) 9(0.962274) 13(0.961014) 7(0.954597) 11(0.950055) 4(0.946119) 10(0.946051) 0(0.936995) 2(0.915688) 1(0.904960) 

MatchingIndex 25 - 8 : 8 14 12 13 2 3 4 1 5 7 0 10 9 11 6 (=)

aCosine: 7(0.976001) 9(0.975872) 5(0.973465) 4(0.972105) 14(0.965811) 11(0.965771) 3(0.965727) 10(0.962817) 12(0.961743) 13(0.960482) 8(0.960191) 2(0.957349) 1(0.952882) 0(0.951105) 6(0.946725) 

MatchingIndex 26 - 8 : 7 9 14 12 13 4 0 5 6 8 1 10 2 3 11 (*)

aCosine: 14(0.979682) 11(0.977514) 7(0.976039) 9(0.974561) 0(0.972230) 6(0.968603) 5(0.966899) 2(0.966317) 8(0.966035) 10(0.965080) 3(0.963978) 12(0.963732) 4(0.962643) 13(0.955540) 1(0.950292) 

MatchingIndex 27 - 9 : 14 9 8 10 12 13 5 0 3 6 4 7 1 2 11 (*)

aCosine: 9(0.990197) 7(0.984436) 11(0.980999) 14(0.980477) 4(0.975983) 0(0.975153) 5(0.973565) 12(0.970600) 8(0.970432) 3(0.970142) 6(0.968274) 13(0.966731) 2(0.966723) 10(0.966717) 1(0.948601) 

MatchingIndex 28 - 9 : 9 11 14 13 0 3 1 4 6 7 2 5 8 10 12 (=)

aCosine: 9(0.975805) 2(0.975286) 10(0.969417) 4(0.967813) 0(0.965837) 11(0.965105) 7(0.957717) 5(0.955322) 12(0.954656) 14(0.950939) 13(0.950293) 3(0.933090) 1(0.931778) 6(0.931587) 8(0.929572) 

MatchingIndex 29 - 9 : 9 10 11 12 14 0 1 5 3 2 4 7 6 8 13 (=)

aCosine: 10(0.990326) 14(0.986834) 12(0.986343) 5(0.985010) 8(0.982680) 13(0.982111) 6(0.981038) 9(0.977604) 11(0.975196) 0(0.970459) 3(0.964698) 4(0.963250) 2(0.962487) 7(0.955612) 1(0.929248) 

MatchingIndex 30 - 10 : 10 14 13 11 1 0 3 2 6 4 5 7 8 9 12 (=)

aCosine: 14(0.990339) 5(0.989801) 12(0.989389) 8(0.988869) 13(0.987118) 9(0.986476) 10(0.984378) 11(0.983425) 6(0.983115) 4(0.978646) 3(0.977972) 0(0.975142) 7(0.972122) 2(0.961924) 1(0.942916) 

MatchingIndex 31 - 10 : 14 12 13 10 11 4 2 1 6 7 0 3 8 9 5 (*)

aCosine: 10(0.986734) 12(0.974821) 13(0.972361) 2(0.971840) 9(0.969739) 5(0.969216) 11(0.968848) 4(0.967475) 0(0.967381) 14(0.960317) 8(0.950585) 6(0.947605) 7(0.943303) 3(0.940868) 1(0.917720) 

MatchingIndex 32 - 10 : 10 12 13 14 3 4 0 1 6 5 2 8 9 11 7 (=)

aCosine: 8(0.985152) 14(0.984373) 6(0.983465) 5(0.981070) 12(0.978252) 13(0.974678) 3(0.969788) 9(0.968689) 10(0.968181) 11(0.965849) 7(0.954579) 0(0.954322) 4(0.952105) 2(0.942679) 1(0.926659) 

MatchingIndex 33 - 11 : 8 14 13 11 2 3 5 4 6 7 1 0 9 10 12 (*)

aCosine: 8(0.990617) 6(0.989081) 12(0.987972) 14(0.987305) 13(0.986326) 5(0.986226) 11(0.979263) 3(0.976688) 10(0.974428) 9(0.970739) 0(0.968516) 4(0.963359) 7(0.957545) 2(0.950552) 1(0.936684) 

MatchingIndex 34 - 11 : 8 12 14 0 2 3 5 1 6 4 9 10 11 7 13 (*)

aCosine: 2(0.980972) 10(0.980040) 9(0.973800) 12(0.973736) 11(0.971883) 5(0.971794) 13(0.971396) 0(0.971334) 4(0.968985) 14(0.963174) 7(0.954487) 6(0.950906) 3(0.949480) 8(0.947803) 1(0.938497) 

MatchingIndex 35 - 11 : 2 10 12 13 14 4 0 6 1 5 9 7 11 8 3 (*)

aCosine: 6(0.987657) 14(0.986107) 12(0.985941) 8(0.984466) 5(0.979891) 13(0.978480) 10(0.974518) 0(0.967768) 9(0.967542) 3(0.967526) 11(0.966483) 2(0.952133) 4(0.950949) 7(0.950003) 1(0.924074) 

MatchingIndex 36 - 12 : 6 14 13 11 1 0 5 2 3 4 9 7 8 10 12 (*)

aCosine: 12(0.992533) 6(0.989242) 8(0.985029) 13(0.984722) 14(0.979522) 5(0.976938) 0(0.973368) 11(0.971435) 10(0.969040) 3(0.962202) 9(0.960742) 4(0.958829) 2(0.946324) 7(0.942592) 1(0.917869) 

MatchingIndex 37 - 12 : 12 8 13 14 1 0 5 2 3 4 9 10 6 11 7 (=)

aCosine: 12(0.981365) 10(0.980113) 4(0.979999) 2(0.978302) 0(0.978172) 5(0.978081) 13(0.977165) 11(0.975936) 9(0.975046) 14(0.969363) 7(0.959433) 6(0.958551) 8(0.956666) 3(0.952112) 1(0.941004) 

MatchingIndex 38 - 12 : 12 5 13 14 2 3 0 6 1 7 4 9 10 11 8 (=)

aCosine: 6(0.982115) 14(0.981576) 11(0.979471) 8(0.977152) 0(0.970866) 12(0.968815) 5(0.967472) 13(0.962689) 4(0.962379) 3(0.962363) 9(0.960421) 7(0.959305) 10(0.958134) 2(0.948274) 1(0.945006) 

MatchingIndex 39 - 13 : 6 14 12 13 3 4 0 1 5 7 2 8 9 10 11 (*)

aCosine: 13(0.988426) 12(0.987430) 11(0.985411) 14(0.984284) 8(0.983856) 0(0.983631) 6(0.981972) 5(0.981811) 9(0.980192) 10(0.980185) 4(0.978182) 3(0.962841) 7(0.955146) 2(0.954199) 1(0.926473) 

MatchingIndex 40 - 13 : 13 14 9 10 3 4 5 1 0 7 2 8 11 12 6 (=)

aCosine: 10(0.978318) 4(0.974731) 13(0.972318) 0(0.970908) 12(0.970614) 11(0.969709) 9(0.968166) 2(0.964516) 5(0.963834) 14(0.954531) 8(0.941192) 7(0.940642) 6(0.939078) 3(0.932068) 1(0.918839) 

MatchingIndex 41 - 13 : 10 13 5 14 0 3 1 6 7 2 4 9 11 12 8 (*)

aCosine: 6(0.980255) 14(0.978826) 8(0.977671) 5(0.960752) 12(0.959354) 3(0.954594) 13(0.953399) 11(0.952298) 10(0.945193) 9(0.944529) 0(0.943159) 7(0.939720) 4(0.933259) 2(0.922561) 1(0.909550) 

MatchingIndex 42 - 14 : 6 14 12 13 2 3 5 4 7 1 9 10 11 0 8 (*)

aCosine: 14(0.985142) 5(0.984995) 13(0.984265) 8(0.980512) 9(0.979770) 12(0.977962) 10(0.976752) 4(0.973297) 11(0.969784) 6(0.969715) 3(0.966111) 7(0.963022) 0(0.960891) 2(0.951492) 1(0.928314) 

MatchingIndex 43 - 14 : 14 13 9 12 11 4 2 1 6 7 0 3 10 8 5 (=)

aCosine: 14(0.978040) 5(0.978003) 4(0.975458) 2(0.974284) 9(0.974278) 10(0.973925) 11(0.973006) 7(0.970820) 13(0.969517) 12(0.968686) 0(0.966821) 6(0.957461) 3(0.956228) 1(0.956037) 8(0.955287) 

MatchingIndex 44 - 14 : 14 9 10 11 13 4 3 6 0 7 8 1 2 12 5 (=)

vFalses(22): 0 1 2 3 4 5 11 12 13 14 15 20 26 27 31 33 34 35 36 39 41 42 
MatchingHeadPose: NotDiv/Pose/NotNormalize/ - Div/Test/Pose/NotNormalize/ : 2015-05-28.11:42:22 countTrue: 23 / 45 = 0.511111

---------------------------------------------------------------------------------------------------------
---------------------------------------------------------------------------------------------------------
---------------------------------------------------------------------------------------------------------
---------------------------------------------------------------------------------------------------------
---------------------------------------------------------------------------------------------------------

