MatchingHeadPose: NotDiv/Pose/NotNormalize/ - Div/Test/Pose/NotNormalize/ : 2015-05-28.11:52:03
aCosine: 12(0.978058) 10(0.975169) 6(0.974718) 0(0.973740) 13(0.966047) 14(0.964472) 5(0.962458) 2(0.959029) 11(0.956837) 8(0.955200) 9(0.949983) 4(0.936186) 3(0.930264) 7(0.917140) 1(0.892631) 
-15+0: 6(0.937249) 14(0.934877) 0(0.930766) 7(0.913173) 13(0.895595) 1(0.895044) 9(0.884755) 10(0.874191) 2(0.873010) 5(0.867977) 8(0.860896) 11(0.855332) 12(0.849155) 3(0.847521) 4(0.785588) 

-30+0: 0(0.940262) 8(0.916491) 10(0.915915) 9(0.898537) 6(0.895294) 2(0.894794) 1(0.868258) 7(0.867848) 13(0.867388) 11(0.858349) 12(0.847934) 14(0.829561) 5(0.816610) 3(0.790828) 4(0.788995) 






-15-60: 10(0.966519) 0(0.953943) 9(0.639125) 14(0.611264) 13(0.591798) 7(0.586813) 8(0.574552) 4(0.570724) 2(0.569043) 3(0.559420) 1(0.551304) 6(0.545274) 12(0.491869) 11(0.487661) 5(0.448808) 














MatchingIndex 0 - 0 : 0 10 14 12 1 4 2 3 7 6 9 5 11 8 13 (=)

aCosine: 12(0.986355) 6(0.983243) 13(0.979537) 0(0.978731) 8(0.973004) 14(0.971932) 5(0.968475) 10(0.965743) 11(0.963310) 9(0.957834) 3(0.948106) 4(0.947772) 2(0.939265) 7(0.931701) 1(0.899810) 
+0+0: 0(0.980381) 14(0.955681) 6(0.948335) 12(0.941256) 10(0.934484) 11(0.917611) 13(0.911456) 5(0.910341) 8(0.901930) 3(0.898735) 9(0.894950) 7(0.882746) 2(0.869776) 4(0.852476) 1(0.849092) 
+0-15: 14(0.968193) 6(0.959377) 9(0.955091) 0(0.951865) 13(0.940269) 12(0.936349) 11(0.918753) 5(0.916534) 4(0.893874) 10(0.892958) 8(0.876964) 3(0.864086) 7(0.824574) 2(0.784771) 1(0.755464) 
+0+15: 12(0.972340) 0(0.972227) 5(0.942298) 4(0.939228) 13(0.938822) 10(0.933522) 14(0.930896) 11(0.930328) 8(0.922607) 9(0.897003) 3(0.877300) 2(0.868473) 6(0.859614) 7(0.857959) 1(0.829311) 
+15+0: 0(0.982509) 6(0.950850) 14(0.921727) 10(0.895588) 12(0.867187) 2(0.862787) 1(0.849022) 7(0.845414) 9(0.844509) 11(0.839775) 5(0.839247) 8(0.837188) 3(0.811385) 13(0.774851) 4(0.766744) 
-15+15: 0(0.984600) 12(0.946928) 11(0.942753) 4(0.941928) 5(0.937145) 14(0.925479) 13(0.920471) 9(0.911731) 8(0.906126) 10(0.899023) 2(0.895680) 7(0.894129) 3(0.881503) 6(0.874044) 1(0.846526) 

MatchingIndex 1 - 0 : 0 14 10 11 13 4 5 1 7 8 9 2 6 3 12 (=)

aCosine: 10(0.978717) 0(0.975871) 12(0.975612) 13(0.974571) 5(0.965670) 2(0.962035) 9(0.960863) 11(0.958704) 4(0.958610) 14(0.954127) 6(0.949320) 8(0.941706) 7(0.925083) 3(0.923120) 1(0.896796) 
+30+0: 6(0.954302) 0(0.941013) 14(0.936004) 10(0.922909) 12(0.913751) 8(0.912489) 2(0.912193) 5(0.896523) 1(0.895438) 7(0.886240) 11(0.880598) 9(0.874238) 3(0.868497) 4(0.865024) 13(0.850864) 
+30-15: 6(0.953225) 14(0.948063) 2(0.942183) 10(0.941185) 0(0.939434) 8(0.910064) 12(0.902295) 13(0.874782) 9(0.872947) 11(0.864394) 4(0.861075) 5(0.829646) 7(0.827594) 3(0.815247) 1(0.808382) 
+15+30: 0(0.969446) 12(0.967824) 6(0.951927) 14(0.941345) 2(0.940011) 11(0.937897) 9(0.937603) 4(0.922441) 5(0.919285) 7(0.900598) 13(0.899171) 10(0.894288) 8(0.891401) 3(0.867649) 1(0.789571) 
+30+15: 0(0.965881) 12(0.955796) 10(0.933091) 4(0.931882) 2(0.926440) 13(0.925101) 14(0.917139) 5(0.908213) 6(0.903002) 11(0.864656) 8(0.836748) 1(0.824653) 9(0.823161) 3(0.820489) 7(0.814027) 

+15+45: 0(0.965621) 12(0.961780) 13(0.953629) 14(0.950357) 10(0.947371) 5(0.945546) 6(0.939708) 8(0.915086) 4(0.907106) 11(0.902059) 9(0.900895) 7(0.874126) 2(0.862540) 3(0.852881) 1(0.658681) 

MatchingIndex 2 - 0 : 0 12 14 13 9 2 3 7 4 5 8 6 11 10 1 (=)

aCosine: 8(0.968582) 3(0.961075) 14(0.959988) 6(0.959687) 7(0.952070) 11(0.950447) 12(0.946478) 9(0.945187) 5(0.941145) 13(0.939543) 0(0.937735) 4(0.931271) 1(0.930003) 10(0.922509) 2(0.899892) 
-30+0: 1(0.935778) 11(0.922119) 7(0.914368) 4(0.913257) 3(0.911612) 9(0.910261) 12(0.909159) 13(0.902624) 8(0.895551) 5(0.877218) 0(0.853062) 6(0.843134) 10(0.829782) 2(0.809192) 14(0.741141) 








-15-60: 7(0.952653) 1(0.943932) 14(0.935793) 8(0.928432) 6(0.919588) 4(0.919109) 13(0.912162) 12(0.887559) 2(0.866517) 11(0.861160) 5(0.858817) 3(0.858131) 0(0.608014) 10(0.606047) 9(0.555028) 













MatchingIndex 3 - 1 : 7 8 13 14 10 0 5 1 4 2 3 6 11 12 9 (*)

aCosine: 7(0.976780) 1(0.975404) 9(0.971635) 3(0.969793) 11(0.969600) 14(0.967288) 4(0.963779) 0(0.961471) 8(0.959408) 12(0.959127) 5(0.957599) 13(0.954031) 10(0.951301) 6(0.950461) 2(0.949516) 
+0+0: 1(0.974726) 7(0.940705) 9(0.935450) 11(0.931597) 3(0.913054) 5(0.904861) 10(0.901755) 0(0.889205) 2(0.886211) 12(0.866444) 14(0.860538) 4(0.841094) 13(0.833410) 8(0.813307) 6(0.794060) 
+0-15: 1(0.976557) 7(0.930128) 2(0.917393) 5(0.893479) 10(0.888951) 12(0.867247) 11(0.863321) 3(0.851861) 9(0.842938) 8(0.837334) 13(0.828880) 4(0.804904) 6(0.793120) 0(0.775518) 14(0.763863) 
-15+0: 3(0.945292) 9(0.935507) 13(0.932379) 12(0.928235) 8(0.918529) 1(0.914948) 5(0.911349) 11(0.908999) 4(0.904359) 7(0.898595) 0(0.895937) 10(0.895507) 2(0.860883) 6(0.857139) 14(0.832078) 
+0+15: 1(0.947377) 7(0.942208) 9(0.923388) 2(0.913542) 11(0.911464) 3(0.902932) 13(0.897152) 12(0.895829) 14(0.879474) 10(0.860733) 8(0.852799) 6(0.845829) 5(0.828611) 4(0.820714) 0(0.792905) 

-15+15: 7(0.949700) 1(0.943094) 12(0.936136) 4(0.913312) 3(0.905609) 11(0.901537) 9(0.896820) 0(0.877308) 10(0.870257) 2(0.869909) 14(0.869405) 6(0.863720) 13(0.860884) 8(0.837514) 5(0.837499) 

MatchingIndex 4 - 1 : 1 7 9 11 12 13 14 3 6 5 8 10 0 4 2 (=)

aCosine: 10(0.928961) 2(0.922008) 9(0.910422) 0(0.908063) 12(0.904730) 4(0.903259) 11(0.901633) 13(0.900101) 5(0.895359) 14(0.885529) 7(0.881781) 1(0.871167) 8(0.869285) 3(0.866545) 6(0.856990) 
+15+0: 1(0.936307) 9(0.919837) 11(0.919022) 5(0.917336) 7(0.911435) 3(0.874880) 10(0.873978) 2(0.873728) 12(0.868710) 4(0.844698) 0(0.841244) 8(0.836729) 14(0.832345) 13(0.814459) 6(0.759498) 
+15-15: 1(0.969621) 7(0.940082) 5(0.929412) 4(0.916055) 12(0.909192) 8(0.908316) 3(0.902352) 13(0.887490) 11(0.885750) 9(0.866939) 2(0.851135) 10(0.844436) 14(0.838648) 0(0.793134) 6(0.707926) 
+15+15: 2(0.876421) 7(0.867897) 1(0.856208) 0(0.853063) 5(0.836225) 11(0.824297) 14(0.806674) 3(0.798782) 12(0.793067) 9(0.784977) 8(0.763653) 6(0.756542) 10(0.741796) 4(0.727347) 13(0.693490) 
+30+0: 12(0.895299) 7(0.886371) 1(0.876393) 10(0.873134) 4(0.871091) 9(0.867434) 11(0.867352) 5(0.865416) 13(0.837797) 8(0.835927) 14(0.834786) 3(0.830977) 2(0.828285) 6(0.802983) 0(0.779182) 
+30-15: 12(0.864579) 11(0.858652) 9(0.857260) 1(0.852282) 4(0.845138) 7(0.841963) 13(0.836363) 5(0.834380) 3(0.821396) 10(0.803851) 8(0.799588) 14(0.762274) 2(0.752580) 0(0.729739) 6(0.701174) 

MatchingIndex 5 - 1 : 1 7 11 12 4 5 2 3 8 9 10 13 14 6 0 (=)

aCosine: 2(0.988914) 7(0.960149) 9(0.958609) 11(0.954054) 0(0.952270) 14(0.951806) 10(0.950212) 1(0.949711) 5(0.946838) 4(0.946623) 12(0.944091) 3(0.942049) 6(0.934441) 13(0.932867) 8(0.925548) 
-15+0: 2(0.976355) 0(0.920193) 7(0.917884) 13(0.911027) 9(0.906418) 1(0.898489) 3(0.897584) 10(0.894430) 8(0.884233) 14(0.874722) 12(0.869064) 5(0.857534) 6(0.855486) 11(0.838831) 4(0.833121) 

-30+0: 2(0.948307) 9(0.927411) 10(0.885824) 8(0.885589) 1(0.881821) 7(0.881519) 0(0.879626) 12(0.872555) 11(0.868724) 13(0.864636) 14(0.850726) 5(0.820379) 4(0.812990) 3(0.810291) 6(0.796667) 
-15+15: 9(0.921283) 2(0.905332) 8(0.899451) 14(0.890869) 5(0.890774) 7(0.890482) 13(0.888847) 4(0.880830) 3(0.878087) 12(0.870625) 10(0.868905) 11(0.860783) 0(0.847509) 6(0.805079) 1(0.785137) 


-15+30: 2(0.953911) 9(0.944422) 7(0.915609) 12(0.906555) 13(0.905901) 8(0.904224) 6(0.900344) 3(0.899364) 11(0.893643) 5(0.893271) 4(0.888724) 14(0.884912) 10(0.877898) 0(0.836423) 1(0.725983) 



-15+45: 2(0.959383) 5(0.909613) 6(0.899320) 9(0.899038) 3(0.882692) 8(0.879679) 10(0.876477) 14(0.869530) 4(0.863845) 13(0.862297) 0(0.862175) 7(0.848393) 11(0.839966) 12(0.818516) 1(0.770820) 

MatchingIndex 6 - 2 : 2 9 8 13 14 3 1 5 4 7 6 0 11 10 12 (=)

aCosine: 2(0.997297) 9(0.974470) 10(0.967422) 5(0.964432) 12(0.963985) 0(0.962840) 14(0.962771) 11(0.961549) 7(0.959988) 13(0.956588) 3(0.956435) 4(0.953887) 6(0.953526) 8(0.946652) 1(0.942075) 
+0+0: 2(0.972631) 9(0.934139) 7(0.927763) 11(0.908895) 1(0.906843) 3(0.904272) 5(0.901450) 0(0.899481) 10(0.898972) 12(0.870104) 14(0.864059) 13(0.838570) 4(0.835659) 6(0.806045) 8(0.795614) 
+0-15: 2(0.974085) 5(0.924973) 10(0.911655) 1(0.906706) 9(0.902986) 7(0.902926) 12(0.900885) 13(0.887620) 11(0.885352) 3(0.868034) 4(0.866640) 8(0.863493) 6(0.859622) 0(0.842895) 14(0.836114) 
+0+15: 2(0.949595) 12(0.929085) 13(0.923608) 9(0.920014) 11(0.913778) 14(0.909466) 5(0.909161) 4(0.898789) 10(0.890588) 8(0.883633) 7(0.882355) 0(0.879173) 6(0.874406) 3(0.869536) 1(0.866842) 
+15+0: 2(0.987253) 9(0.944944) 5(0.924125) 7(0.922807) 11(0.902937) 1(0.902059) 12(0.893428) 10(0.884555) 3(0.875498) 0(0.859074) 14(0.854659) 8(0.848136) 4(0.835316) 6(0.797240) 13(0.796063) 
+0+30: 2(0.986453) 12(0.947227) 13(0.936548) 9(0.928411) 5(0.927788) 0(0.921829) 4(0.917228) 6(0.912299) 10(0.907537) 14(0.888153) 11(0.880717) 7(0.846865) 3(0.822601) 8(0.806455) 1(0.802487) 

MatchingIndex 7 - 2 : 2 9 12 11 13 14 0 4 3 5 7 6 10 8 1 (=)

aCosine: 2(0.977484) 10(0.963888) 9(0.955927) 12(0.950812) 0(0.949129) 13(0.948297) 5(0.943111) 4(0.940480) 11(0.940239) 14(0.929050) 7(0.919709) 6(0.918239) 3(0.916431) 8(0.914356) 1(0.893913) 
+15+15: 2(0.972234) 11(0.893184) 12(0.890777) 0(0.886296) 5(0.885504) 6(0.866969) 4(0.862230) 7(0.857903) 14(0.857400) 9(0.853725) 10(0.842381) 8(0.840805) 1(0.836367) 13(0.830783) 3(0.823460) 
+30+0: 2(0.959401) 12(0.945609) 11(0.932308) 9(0.930414) 7(0.922339) 10(0.914271) 1(0.904920) 5(0.902738) 4(0.889303) 14(0.880814) 3(0.879830) 6(0.867551) 8(0.860606) 13(0.831022) 0(0.812004) 
+30-15: 12(0.946482) 2(0.945921) 9(0.939554) 11(0.919395) 13(0.895341) 4(0.889423) 7(0.887881) 8(0.883934) 5(0.883873) 10(0.881271) 3(0.879927) 1(0.874850) 14(0.861802) 6(0.857697) 0(0.845144) 
+15+30: 2(0.952058) 10(0.948373) 11(0.940003) 5(0.939738) 14(0.937272) 13(0.936294) 6(0.932106) 9(0.924401) 12(0.924221) 4(0.923422) 0(0.905529) 8(0.891095) 7(0.833548) 3(0.814162) 1(0.706982) 
+30+15: 2(0.981188) 0(0.944672) 12(0.941141) 4(0.921423) 10(0.910434) 6(0.897476) 5(0.895104) 14(0.890870) 11(0.888840) 13(0.884646) 3(0.851248) 9(0.845646) 1(0.825154) 7(0.815240) 8(0.812702) 

MatchingIndex 8 - 2 : 2 12 9 14 8 4 0 1 3 6 5 10 11 7 13 (=)

aCosine: 3(0.960721) 6(0.955016) 14(0.953030) 11(0.952787) 8(0.952757) 7(0.942244) 1(0.935375) 0(0.934930) 9(0.931394) 4(0.928699) 5(0.928072) 12(0.927521) 2(0.917554) 13(0.917296) 10(0.912232) 
-15+0: 9(0.928358) 3(0.922254) 4(0.912228) 8(0.908965) 13(0.908221) 12(0.907915) 0(0.903771) 11(0.899098) 10(0.899013) 5(0.890374) 1(0.888309) 7(0.878871) 2(0.877465) 14(0.847583) 6(0.833689) 

-30+0: 11(0.925802) 12(0.916576) 4(0.907289) 3(0.904289) 1(0.902614) 5(0.900138) 13(0.881561) 9(0.879315) 0(0.862424) 8(0.858774) 10(0.826307) 7(0.808835) 2(0.778684) 14(0.750360) 6(0.722788) 
-15+15: 3(0.921987) 1(0.919402) 12(0.913080) 7(0.901655) 4(0.892945) 6(0.878683) 11(0.876561) 2(0.869107) 9(0.868695) 14(0.868604) 10(0.861719) 0(0.853922) 13(0.844369) 8(0.839054) 5(0.827122) 



-15+30: 9(0.927382) 3(0.918258) 7(0.916635) 6(0.913384) 11(0.910167) 4(0.898942) 2(0.893831) 0(0.890594) 12(0.877477) 8(0.872498) 13(0.846295) 5(0.838658) 1(0.829319) 10(0.827128) 14(0.820659) 





-15-60: 1(0.955435) 7(0.945544) 14(0.935840) 8(0.917641) 4(0.904267) 6(0.903916) 13(0.887338) 12(0.874705) 11(0.859979) 5(0.843970) 2(0.839208) 3(0.821238) 0(0.580312) 10(0.576753) 9(0.525521) 

MatchingIndex 9 - 3 : 3 4 11 12 13 14 1 5 6 2 7 8 9 0 10 (=)

aCosine: 3(0.974672) 11(0.969484) 9(0.968779) 7(0.966631) 14(0.960999) 8(0.958775) 4(0.956723) 6(0.956405) 0(0.955866) 1(0.951673) 5(0.948064) 12(0.947243) 2(0.945561) 13(0.940995) 10(0.937370) 
+0+0: 9(0.958995) 3(0.955655) 10(0.951807) 5(0.945403) 11(0.935598) 4(0.935388) 13(0.931514) 12(0.930005) 0(0.910925) 2(0.900474) 1(0.887182) 8(0.886019) 14(0.885086) 7(0.882700) 6(0.824820) 
+0-15: 5(0.963645) 11(0.950619) 3(0.944040) 12(0.943597) 9(0.940680) 13(0.937296) 8(0.932532) 10(0.929654) 6(0.919846) 4(0.918671) 7(0.917894) 0(0.906040) 14(0.901803) 1(0.883663) 2(0.876226) 
+0+15: 4(0.906741) 14(0.902388) 11(0.900079) 9(0.897610) 3(0.897387) 8(0.878989) 13(0.874996) 10(0.866127) 12(0.863396) 5(0.852316) 0(0.838034) 7(0.796502) 6(0.795996) 2(0.780856) 1(0.755924) 
+15+0: 11(0.945280) 9(0.944302) 12(0.933245) 1(0.932707) 10(0.929784) 5(0.924626) 2(0.924547) 3(0.924084) 4(0.909447) 8(0.907047) 7(0.902517) 14(0.885159) 13(0.868097) 0(0.866504) 6(0.833195) 
+0+30: 9(0.936890) 3(0.922560) 11(0.915966) 7(0.905124) 10(0.897641) 0(0.893517) 14(0.890052) 8(0.886183) 2(0.882543) 12(0.879176) 6(0.868568) 4(0.859015) 13(0.831645) 5(0.831358) 1(0.802306) 

MatchingIndex 10 - 3 : 9 11 12 8 14 1 0 6 7 3 4 10 5 2 13 (*)

aCosine: 2(0.970673) 11(0.968124) 1(0.962461) 0(0.960613) 7(0.958587) 4(0.958507) 9(0.957410) 3(0.946621) 14(0.943539) 10(0.941837) 12(0.939144) 5(0.936178) 6(0.930940) 13(0.929986) 8(0.921731) 
+30+0: 11(0.970536) 9(0.952630) 12(0.945102) 3(0.943063) 1(0.940946) 10(0.940413) 5(0.923544) 7(0.915286) 2(0.915068) 14(0.895584) 4(0.894883) 8(0.887688) 6(0.874016) 0(0.829590) 13(0.824689) 
+30-15: 11(0.961313) 3(0.948580) 9(0.944501) 12(0.939585) 1(0.933904) 5(0.932931) 4(0.927503) 13(0.910128) 7(0.897524) 10(0.880683) 8(0.868692) 14(0.832202) 2(0.815274) 0(0.780586) 6(0.765533) 
+30+15: 3(0.936147) 11(0.917786) 1(0.909959) 9(0.907301) 7(0.872686) 0(0.870488) 12(0.856263) 14(0.851191) 2(0.829896) 10(0.818024) 5(0.817374) 6(0.802709) 4(0.786144) 13(0.728645) 8(0.699896) 

+30+30: 11(0.918673) 7(0.907943) 3(0.895647) 1(0.894071) 9(0.887423) 6(0.846356) 12(0.822201) 14(0.815581) 4(0.801977) 0(0.798231) 5(0.791005) 10(0.788709) 2(0.761707) 13(0.698990) 8(0.689794) 

+15+60: 1(0.959143) 3(0.948049) 10(0.935374) 9(0.933977) 11(0.929255) 2(0.926551) 5(0.898462) 14(0.897194) 4(0.890633) 7(0.851882) 0(0.812581) 12(0.796148) 6(0.793022) 13(0.781812) 8(0.761354) 

MatchingIndex 11 - 3 : 11 9 10 12 14 4 0 5 7 6 3 1 2 8 13 (*)

aCosine: 5(0.980277) 8(0.976711) 13(0.974459) 14(0.974414) 9(0.973865) 12(0.970320) 4(0.969610) 6(0.967035) 3(0.961962) 10(0.961819) 11(0.958130) 7(0.953600) 0(0.952229) 2(0.935399) 1(0.905718) 
-15+0: 4(0.975631) 12(0.951901) 8(0.927289) 9(0.921826) 5(0.917659) 11(0.906705) 13(0.904230) 3(0.902709) 10(0.898401) 0(0.868420) 7(0.835112) 1(0.828059) 2(0.820461) 6(0.817114) 14(0.783882) 

-30+0: 4(0.975788) 12(0.960139) 5(0.949857) 11(0.937418) 3(0.921167) 13(0.918208) 9(0.900717) 8(0.895146) 1(0.877006) 0(0.874611) 7(0.861677) 10(0.840288) 2(0.813563) 6(0.795054) 14(0.740051) 
-15+15: 8(0.949689) 5(0.942473) 9(0.942369) 0(0.936378) 14(0.921888) 4(0.916415) 13(0.911026) 11(0.905153) 12(0.886999) 3(0.884059) 10(0.881505) 7(0.874394) 2(0.869634) 6(0.808688) 1(0.753483) 


















MatchingIndex 12 - 4 : 4 5 12 9 13 14 1 6 7 0 3 10 8 11 2 (=)

aCosine: 8(0.978091) 6(0.977667) 5(0.977254) 13(0.975863) 14(0.974708) 12(0.974326) 4(0.968788) 11(0.963707) 9(0.960822) 3(0.956704) 0(0.955321) 10(0.953587) 7(0.945631) 2(0.928677) 1(0.911083) 
+0+0: 13(0.955931) 4(0.955672) 12(0.937984) 8(0.927198) 10(0.912399) 5(0.909252) 9(0.870381) 3(0.866485) 11(0.843977) 0(0.825348) 14(0.818167) 6(0.763911) 2(0.759929) 7(0.751881) 1(0.750547) 
+0-15: 4(0.970257) 6(0.930889) 0(0.921388) 13(0.920143) 12(0.919728) 9(0.919265) 10(0.915902) 5(0.903586) 11(0.900582) 8(0.872087) 14(0.870319) 3(0.860972) 2(0.818126) 1(0.808923) 7(0.808062) 
+0+15: 5(0.950484) 10(0.950046) 4(0.943068) 12(0.941630) 0(0.938944) 8(0.938379) 13(0.924340) 14(0.923339) 11(0.915526) 9(0.882901) 3(0.853415) 7(0.797599) 6(0.783429) 2(0.780595) 1(0.746228) 
+15+0: 12(0.975692) 8(0.966234) 10(0.962525) 4(0.951666) 13(0.943237) 14(0.936267) 11(0.920761) 5(0.910365) 3(0.894472) 6(0.886612) 9(0.878318) 1(0.872170) 7(0.871372) 2(0.869002) 0(0.858496) 
+0+30: 6(0.821472) 7(0.785720) 2(0.748316) 3(0.739575) 14(0.721225) 11(0.720517) 4(0.713828) 1(0.713537) 12(0.712210) 10(0.709790) 9(0.705041) 0(0.698010) 8(0.689256) 13(0.674412) 5(0.661233) 

MatchingIndex 13 - 4 : 4 12 13 14 0 5 6 8 9 10 11 3 1 2 7 (=)

aCosine: 10(0.959034) 13(0.946087) 4(0.945990) 2(0.940461) 12(0.940280) 5(0.938344) 9(0.938320) 0(0.934321) 11(0.929404) 14(0.917769) 8(0.901694) 7(0.899521) 6(0.897630) 3(0.886951) 1(0.865070) 
+30+0: 4(0.961603) 13(0.947860) 8(0.939653) 10(0.927242) 12(0.926043) 5(0.898474) 14(0.898016) 1(0.894731) 3(0.886466) 11(0.879363) 7(0.869747) 9(0.863933) 6(0.837128) 2(0.837020) 0(0.777913) 
+30-15: 4(0.976098) 12(0.969261) 11(0.946132) 5(0.945191) 9(0.943485) 13(0.940721) 10(0.939663) 8(0.933334) 7(0.924883) 3(0.918447) 14(0.915322) 1(0.904905) 2(0.873995) 6(0.836455) 0(0.819411) 
+15+30: 4(0.968230) 5(0.962251) 13(0.961913) 12(0.955324) 10(0.953905) 11(0.951981) 14(0.948989) 6(0.945314) 9(0.933132) 8(0.913876) 2(0.905809) 0(0.904962) 7(0.823740) 3(0.805712) 1(0.647956) 
+30+15: 13(0.938544) 12(0.936453) 4(0.917187) 0(0.913577) 10(0.910371) 5(0.908566) 14(0.901623) 2(0.899090) 6(0.888828) 11(0.882557) 8(0.850626) 9(0.808238) 3(0.793502) 1(0.775630) 7(0.767130) 

+15+45: 5(0.980243) 0(0.957278) 13(0.953421) 14(0.942294) 12(0.931581) 6(0.926365) 10(0.888533) 4(0.886989) 8(0.868730) 7(0.812636) 9(0.808100) 3(0.803701) 11(0.798380) 2(0.761450) 1(0.449773) 

MatchingIndex 14 - 4 : 13 5 10 14 2 3 0 6 7 8 9 4 12 11 1 (*)

aCosine: 14(0.979672) 5(0.979129) 8(0.972953) 6(0.969467) 9(0.963908) 10(0.962450) 3(0.961547) 12(0.960944) 13(0.959199) 11(0.955549) 7(0.955427) 4(0.947671) 2(0.945993) 0(0.944112) 1(0.926237) 
-30+0: 8(0.957284) 9(0.954385) 10(0.942801) 13(0.942103) 12(0.935741) 0(0.934314) 11(0.932675) 5(0.930570) 7(0.929540) 1(0.923569) 2(0.901379) 3(0.899489) 6(0.897962) 4(0.890077) 14(0.852150) 











MatchingIndex 15 - 5 : 8 9 10 13 14 0 3 6 5 7 2 4 11 12 1 (*)

aCosine: 5(0.987963) 8(0.985163) 6(0.982141) 14(0.980623) 13(0.974637) 12(0.974216) 10(0.963868) 9(0.962001) 3(0.959956) 11(0.958469) 4(0.950417) 0(0.949945) 7(0.945232) 2(0.937230) 1(0.908424) 
-15+0: 6(0.949767) 7(0.934971) 14(0.927603) 13(0.918180) 0(0.914400) 5(0.909594) 9(0.907603) 1(0.905716) 2(0.898897) 10(0.896632) 8(0.894887) 3(0.885275) 11(0.878263) 12(0.869216) 4(0.806380) 

-15+15: 5(0.975715) 10(0.954828) 13(0.941991) 2(0.934805) 14(0.933376) 12(0.926974) 0(0.917791) 6(0.910877) 4(0.900208) 8(0.894887) 11(0.891084) 9(0.886565) 1(0.858912) 3(0.858459) 7(0.840381) 

-15+30: 5(0.982355) 12(0.964019) 14(0.954783) 13(0.952627) 9(0.947858) 10(0.947205) 6(0.937787) 2(0.932985) 8(0.929761) 3(0.921100) 4(0.915934) 0(0.897484) 11(0.896213) 7(0.881345) 1(0.713078) 

-15+45: 5(0.979598) 10(0.943512) 13(0.936314) 12(0.930280) 8(0.929683) 6(0.929556) 9(0.922720) 11(0.917902) 14(0.910970) 2(0.899371) 0(0.891444) 3(0.869445) 4(0.861532) 7(0.837287) 1(0.713577) 
-15-60: 5(0.973741) 6(0.966472) 8(0.950496) 11(0.950111) 2(0.948718) 4(0.940388) 14(0.939614) 13(0.937960) 12(0.934507) 7(0.932282) 3(0.844145) 1(0.812776) 10(0.551451) 0(0.534072) 9(0.505058) 

MatchingIndex 16 - 5 : 5 6 13 14 2 4 0 7 3 9 10 8 12 11 1 (=)

aCosine: 5(0.977750) 14(0.966574) 8(0.957277) 7(0.956716) 13(0.955431) 6(0.954843) 4(0.953886) 3(0.953759) 11(0.951429) 12(0.951162) 9(0.950602) 10(0.944056) 1(0.943614) 0(0.935921) 2(0.935596) 
+0+0: 7(0.920630) 5(0.918050) 11(0.915160) 9(0.915058) 3(0.907584) 1(0.902213) 10(0.892689) 2(0.888039) 12(0.860898) 0(0.858249) 14(0.843804) 8(0.840892) 13(0.827766) 4(0.818579) 6(0.810815) 
+0-15: 5(0.922092) 7(0.918961) 10(0.913201) 1(0.898972) 2(0.897719) 12(0.894487) 11(0.891609) 3(0.866310) 8(0.861268) 9(0.859266) 13(0.853880) 4(0.848904) 6(0.835648) 0(0.810207) 14(0.808069) 
+0+15: 9(0.929331) 7(0.921196) 13(0.914388) 11(0.901825) 3(0.899937) 14(0.895222) 12(0.889851) 2(0.888998) 6(0.882767) 1(0.881669) 5(0.863661) 8(0.862778) 10(0.862671) 4(0.821196) 0(0.783474) 
+0-30: 13(0.947561) 12(0.946974) 5(0.944037) 10(0.938286) 9(0.932339) 4(0.922289) 11(0.921958) 6(0.919912) 8(0.915027) 2(0.911918) 14(0.904975) 7(0.904387) 3(0.899546) 0(0.892446) 1(0.788009) 
+0+30: 5(0.936633) 13(0.923685) 12(0.909790) 10(0.899375) 9(0.896260) 2(0.889748) 4(0.885571) 6(0.878517) 0(0.869605) 14(0.869171) 11(0.866641) 7(0.848406) 3(0.834943) 8(0.805250) 1(0.774626) 

MatchingIndex 17 - 5 : 5 9 12 11 13 14 4 3 0 7 6 8 10 1 2 (=)

aCosine: 6(0.978498) 8(0.969150) 14(0.956109) 12(0.950261) 5(0.942583) 13(0.941329) 3(0.939773) 11(0.931478) 10(0.927564) 0(0.927311) 9(0.919052) 7(0.904365) 4(0.902231) 2(0.894553) 1(0.876230) 
-30+0: 6(0.969848) 7(0.932161) 13(0.921808) 8(0.920026) 11(0.888603) 0(0.886675) 5(0.886097) 9(0.879962) 4(0.874861) 1(0.872611) 12(0.869637) 3(0.856300) 10(0.847695) 2(0.809554) 14(0.754401) 

























MatchingIndex 18 - 6 : 6 8 13 12 14 0 5 3 7 4 1 9 10 11 2 (=)

aCosine: 6(0.992771) 8(0.979127) 14(0.972369) 12(0.970519) 13(0.964010) 5(0.962637) 11(0.956167) 0(0.955977) 3(0.953684) 10(0.947489) 9(0.942267) 4(0.933144) 7(0.926979) 2(0.921540) 1(0.900936) 
+0+0: 6(0.982917) 14(0.971708) 0(0.956754) 10(0.927040) 12(0.916181) 11(0.911523) 3(0.891918) 13(0.889948) 8(0.889254) 5(0.888766) 9(0.874784) 7(0.872274) 2(0.859312) 1(0.838806) 4(0.827366) 
+0-15: 6(0.986949) 9(0.969083) 13(0.963728) 14(0.961288) 0(0.958652) 12(0.953347) 5(0.945620) 11(0.944151) 4(0.916184) 10(0.912288) 8(0.912182) 3(0.899723) 7(0.862388) 2(0.811381) 1(0.803425) 
-15+0: 6(0.987293) 14(0.940978) 13(0.939959) 9(0.932447) 5(0.929499) 7(0.927282) 0(0.922173) 11(0.921881) 8(0.902416) 12(0.898519) 10(0.892504) 3(0.889177) 1(0.888591) 2(0.861028) 4(0.843017) 
+0+15: 6(0.987865) 14(0.930988) 2(0.910555) 13(0.902245) 7(0.897350) 9(0.895049) 12(0.894235) 11(0.893485) 3(0.882342) 8(0.868868) 10(0.861205) 1(0.858775) 5(0.849998) 0(0.835736) 4(0.814545) 

-15+15: 6(0.967619) 14(0.958109) 10(0.943742) 12(0.938319) 5(0.935402) 0(0.930660) 13(0.926543) 8(0.914433) 2(0.907652) 4(0.893413) 3(0.893087) 9(0.888468) 1(0.885153) 11(0.881031) 7(0.869057) 

MatchingIndex 19 - 6 : 6 14 11 10 1 3 0 4 7 8 2 9 5 12 13 (=)

aCosine: 9(0.983700) 12(0.983607) 5(0.982840) 0(0.982006) 13(0.981250) 4(0.981225) 14(0.980791) 10(0.980532) 11(0.980351) 2(0.976785) 6(0.973287) 8(0.967512) 7(0.967188) 3(0.962431) 1(0.938713) 
+15+0: 6(0.975206) 14(0.972584) 10(0.945348) 12(0.934430) 0(0.930371) 8(0.926819) 13(0.882673) 2(0.872342) 11(0.871584) 4(0.860965) 5(0.853018) 3(0.847189) 1(0.841567) 9(0.835731) 7(0.835081) 
+15+15: 6(0.983484) 14(0.958138) 0(0.956521) 5(0.935202) 12(0.931433) 8(0.926861) 9(0.914182) 3(0.911713) 10(0.910417) 11(0.902484) 2(0.901124) 7(0.881819) 13(0.859695) 1(0.858077) 4(0.833770) 
+30+0: 6(0.974366) 14(0.958800) 8(0.935261) 0(0.934176) 10(0.923972) 2(0.911569) 12(0.900644) 1(0.881837) 11(0.879831) 5(0.878821) 9(0.864691) 13(0.864002) 7(0.863362) 4(0.862496) 3(0.854369) 
+30-15: 6(0.988116) 0(0.960764) 14(0.934926) 2(0.931804) 10(0.914020) 12(0.872143) 8(0.867563) 11(0.857638) 9(0.854154) 13(0.841363) 4(0.819571) 5(0.801105) 7(0.797736) 3(0.797355) 1(0.791230) 
+15+30: 6(0.975252) 14(0.957464) 0(0.945375) 12(0.941305) 10(0.936296) 5(0.935543) 2(0.922624) 13(0.920429) 11(0.918353) 9(0.917021) 8(0.902077) 7(0.890452) 4(0.888903) 3(0.859132) 1(0.799937) 

MatchingIndex 20 - 6 : 6 14 12 9 13 4 0 1 2 7 8 5 11 3 10 (=)

aCosine: 7(0.988315) 3(0.965629) 14(0.965222) 1(0.963040) 11(0.957113) 9(0.956804) 8(0.952856) 4(0.950089) 6(0.949285) 5(0.949068) 0(0.940311) 2(0.939106) 12(0.937250) 13(0.930031) 10(0.926403) 
+0+0: 7(0.977764) 9(0.937872) 1(0.932135) 2(0.914498) 11(0.909200) 5(0.908842) 3(0.907226) 10(0.899611) 0(0.899567) 14(0.864387) 12(0.863356) 4(0.828975) 13(0.816664) 6(0.811248) 8(0.797603) 
+0-15: 7(0.979254) 5(0.942573) 1(0.922434) 11(0.913954) 9(0.913770) 2(0.911667) 12(0.906287) 10(0.905530) 3(0.891328) 13(0.883086) 8(0.869321) 6(0.857550) 14(0.853180) 0(0.848999) 4(0.840549) 
-15+0: 7(0.969255) 1(0.939576) 0(0.933286) 9(0.923441) 3(0.923361) 10(0.919128) 2(0.914594) 13(0.911680) 8(0.901116) 5(0.893683) 14(0.892207) 12(0.884506) 6(0.877780) 11(0.868257) 4(0.859430) 
-15+15: 12(0.919625) 1(0.915429) 7(0.910620) 2(0.891784) 3(0.890787) 4(0.880017) 10(0.874185) 14(0.864329) 13(0.864043) 6(0.862854) 11(0.859067) 5(0.843864) 9(0.839736) 0(0.830256) 8(0.811814) 
+0-30: 7(0.947695) 3(0.935073) 11(0.932165) 8(0.916512) 14(0.911553) 10(0.897783) 5(0.895452) 12(0.872388) 13(0.861026) 0(0.851134) 4(0.842302) 6(0.841632) 2(0.827961) 1(0.801903) 9(0.785361) 

MatchingIndex 21 - 7 : 7 11 10 12 14 2 1 3 4 8 9 5 6 0 13 (=)

aCosine: 7(0.992189) 9(0.975256) 3(0.964346) 14(0.963799) 4(0.962818) 1(0.961608) 5(0.959033) 11(0.957683) 2(0.949861) 8(0.948740) 0(0.944579) 12(0.944496) 10(0.942138) 13(0.941831) 6(0.939630) 
+0+15: 7(0.970487) 2(0.932745) 1(0.925757) 9(0.922471) 3(0.888753) 12(0.888046) 13(0.887236) 11(0.885120) 14(0.879080) 6(0.866163) 10(0.855045) 5(0.838888) 8(0.838148) 4(0.793121) 0(0.774639) 
+15+0: 7(0.973516) 9(0.939900) 5(0.939444) 1(0.934409) 11(0.912577) 2(0.904467) 3(0.902821) 10(0.894966) 12(0.892817) 0(0.857061) 8(0.857046) 14(0.856908) 4(0.841081) 13(0.809558) 6(0.808646) 
+15-15: 7(0.971154) 1(0.931090) 5(0.928164) 12(0.902247) 3(0.899804) 4(0.891834) 8(0.878369) 11(0.873261) 13(0.872180) 9(0.864649) 2(0.862159) 10(0.834393) 14(0.826008) 0(0.794664) 6(0.707319) 
+0+30: 7(0.961664) 3(0.883415) 9(0.875306) 12(0.874141) 11(0.873272) 2(0.870823) 1(0.867774) 4(0.867221) 10(0.860354) 6(0.855998) 14(0.852754) 13(0.842146) 5(0.827583) 0(0.823745) 8(0.806519) 
+15+15: 7(0.976008) 5(0.932331) 1(0.921801) 14(0.913244) 0(0.910551) 3(0.905018) 2(0.904148) 9(0.899617) 12(0.888463) 8(0.880220) 6(0.870086) 11(0.869098) 10(0.859579) 13(0.783078) 4(0.768844) 

MatchingIndex 22 - 7 : 7 9 5 12 14 4 2 1 6 3 8 10 11 0 13 (=)

aCosine: 7(0.976156) 1(0.965440) 9(0.953785) 2(0.953376) 4(0.945051) 11(0.941608) 3(0.936912) 14(0.936689) 5(0.934112) 0(0.931665) 10(0.926732) 12(0.920053) 13(0.913304) 8(0.910083) 6(0.909037) 
+30+0: 7(0.979365) 12(0.949433) 1(0.946453) 9(0.945496) 5(0.944618) 11(0.941655) 10(0.940741) 3(0.914122) 2(0.911766) 14(0.900851) 4(0.900588) 8(0.880189) 6(0.872859) 13(0.839699) 0(0.831135) 
+30-15: 7(0.970163) 9(0.956902) 11(0.947811) 12(0.945156) 5(0.937394) 1(0.923002) 3(0.917821) 4(0.912676) 13(0.901296) 10(0.874995) 8(0.868069) 14(0.839585) 2(0.837885) 6(0.776770) 0(0.774620) 
+30+15: 7(0.972988) 1(0.936433) 9(0.922943) 3(0.895655) 14(0.881313) 11(0.878667) 0(0.878316) 12(0.860027) 2(0.842976) 10(0.841987) 5(0.840958) 6(0.818889) 4(0.814909) 13(0.723841) 8(0.696611) 

+30+30: 11(0.949002) 9(0.935329) 7(0.934697) 6(0.930249) 14(0.923146) 3(0.919502) 10(0.908066) 12(0.907773) 4(0.896472) 1(0.877424) 0(0.854496) 2(0.848517) 13(0.836370) 8(0.822441) 5(0.784321) 


+30+45: 7(0.962657) 6(0.941719) 3(0.923826) 9(0.915531) 11(0.909166) 14(0.904764) 10(0.892624) 5(0.888659) 8(0.880269) 12(0.862385) 0(0.860602) 2(0.839207) 13(0.839002) 4(0.799901) 1(0.794123) 

MatchingIndex 23 - 7 : 7 9 11 12 14 4 0 3 1 5 6 10 8 2 13 (=)

aCosine: 8(0.974326) 6(0.972203) 14(0.971996) 5(0.960967) 3(0.960497) 12(0.952733) 7(0.947972) 11(0.944688) 13(0.942847) 9(0.939705) 10(0.934724) 0(0.934249) 4(0.929233) 2(0.918600) 1(0.915918) 
-15+0: 8(0.952195) 9(0.946102) 5(0.943782) 12(0.943125) 10(0.938618) 13(0.937570) 3(0.935673) 11(0.934451) 6(0.932753) 7(0.926390) 14(0.923264) 0(0.922733) 4(0.897543) 1(0.884619) 2(0.880379) 

-30+0: 8(0.960497) 12(0.945331) 9(0.941559) 10(0.924551) 13(0.923874) 11(0.922618) 0(0.921483) 3(0.919578) 5(0.906281) 1(0.906273) 7(0.894988) 2(0.887195) 4(0.884259) 14(0.862050) 6(0.820143) 
-15+15: 10(0.953193) 12(0.951026) 14(0.950299) 6(0.936596) 5(0.933223) 3(0.925366) 13(0.924919) 8(0.924646) 7(0.913748) 0(0.909099) 4(0.908251) 9(0.906375) 1(0.905603) 2(0.902338) 11(0.885130) 



-15+30: 8(0.965811) 7(0.959187) 3(0.952380) 9(0.948552) 11(0.948000) 12(0.946598) 13(0.940814) 6(0.932241) 4(0.918158) 2(0.913073) 10(0.907713) 14(0.904930) 5(0.890105) 0(0.865641) 1(0.738490) 




-15+45: 6(0.965118) 8(0.962216) 3(0.958478) 9(0.950773) 13(0.941458) 7(0.935724) 14(0.929539) 5(0.928768) 10(0.928518) 2(0.921249) 0(0.916755) 4(0.914669) 11(0.898235) 12(0.890365) 1(0.768152) 

MatchingIndex 24 - 8 : 8 9 12 13 14 4 1 5 3 7 6 0 10 11 2 (=)

aCosine: 8(0.984073) 14(0.969814) 5(0.969651) 3(0.969215) 6(0.967793) 12(0.962715) 9(0.962274) 13(0.961014) 7(0.954597) 11(0.950055) 4(0.946119) 10(0.946051) 0(0.936995) 2(0.915688) 1(0.904960) 
+0+0: 10(0.957271) 12(0.952430) 8(0.950216) 5(0.937542) 14(0.932518) 13(0.931136) 0(0.926730) 11(0.914179) 3(0.914130) 6(0.905987) 9(0.902036) 4(0.894557) 7(0.871428) 2(0.842834) 1(0.818963) 
+0-15: 8(0.961787) 12(0.957300) 13(0.953234) 5(0.951666) 9(0.948462) 11(0.945498) 14(0.939186) 10(0.937149) 3(0.934734) 6(0.922041) 4(0.906326) 0(0.900608) 7(0.872158) 1(0.803282) 2(0.799337) 
+0+15: 10(0.961095) 8(0.960760) 5(0.956768) 14(0.933338) 12(0.930526) 13(0.920831) 0(0.909375) 11(0.901960) 4(0.874048) 9(0.871502) 3(0.867539) 7(0.822860) 6(0.812798) 2(0.788414) 1(0.768018) 
+15+0: 8(0.947241) 10(0.928251) 12(0.925664) 14(0.924178) 6(0.908286) 13(0.907445) 4(0.875198) 11(0.838361) 3(0.837906) 0(0.832071) 5(0.820594) 7(0.803149) 2(0.795589) 1(0.784070) 9(0.764195) 
+0+30: 10(0.966794) 8(0.948435) 9(0.937412) 14(0.936257) 5(0.917174) 12(0.914412) 6(0.911619) 0(0.907490) 11(0.906518) 13(0.899468) 3(0.899002) 4(0.893801) 7(0.862531) 2(0.849627) 1(0.724623) 

MatchingIndex 25 - 8 : 8 10 12 14 4 0 5 7 6 9 11 3 13 2 1 (=)

aCosine: 7(0.976001) 9(0.975872) 5(0.973465) 4(0.972105) 14(0.965811) 11(0.965771) 3(0.965727) 10(0.962817) 12(0.961743) 13(0.960482) 8(0.960191) 2(0.957349) 1(0.952882) 0(0.951105) 6(0.946725) 
+30+0: 10(0.965398) 8(0.960874) 14(0.954346) 12(0.952150) 5(0.927085) 6(0.918519) 11(0.918292) 4(0.918163) 9(0.914884) 7(0.910782) 1(0.910054) 3(0.904283) 2(0.902828) 13(0.881852) 0(0.856844) 
+30-15: 10(0.961317) 8(0.959105) 14(0.938780) 12(0.934360) 4(0.910637) 3(0.908878) 5(0.901127) 11(0.900600) 13(0.899037) 2(0.894221) 7(0.891911) 9(0.886112) 6(0.855364) 1(0.854234) 0(0.801902) 
+30+15: 8(0.959869) 10(0.937270) 14(0.929960) 6(0.917747) 13(0.910226) 11(0.874060) 12(0.871297) 4(0.858419) 0(0.840503) 5(0.839087) 9(0.814178) 2(0.808124) 3(0.802211) 7(0.796023) 1(0.786942) 

+30+30: 14(0.914415) 10(0.914366) 3(0.911731) 11(0.896626) 6(0.895874) 8(0.887163) 12(0.871119) 13(0.850155) 9(0.849580) 7(0.845024) 4(0.833217) 2(0.819281) 1(0.798909) 0(0.795034) 5(0.706217) 

+30+45: 8(0.975727) 14(0.963460) 13(0.946799) 6(0.931008) 7(0.905522) 0(0.904092) 9(0.895094) 10(0.882806) 5(0.835949) 11(0.829631) 3(0.826414) 12(0.820529) 2(0.805232) 4(0.725000) 1(0.583929) 

MatchingIndex 26 - 8 : 8 14 13 0 2 3 4 6 7 9 5 11 12 10 1 (=)

aCosine: 14(0.979682) 11(0.977514) 7(0.976039) 9(0.974561) 0(0.972230) 6(0.968603) 5(0.966899) 2(0.966317) 8(0.966035) 10(0.965080) 3(0.963978) 12(0.963732) 4(0.962643) 13(0.955540) 1(0.950292) 
-15+0: 7(0.968040) 9(0.965881) 0(0.960957) 13(0.954788) 5(0.951876) 10(0.943231) 6(0.937646) 8(0.933784) 3(0.928531) 11(0.924841) 12(0.924417) 14(0.923754) 1(0.923753) 2(0.906249) 4(0.898293) 

-30+0: 9(0.952323) 11(0.938133) 8(0.934596) 7(0.934126) 10(0.932626) 0(0.932131) 13(0.920047) 1(0.916737) 12(0.909424) 5(0.898992) 6(0.890355) 4(0.886424) 2(0.876704) 3(0.873535) 14(0.822314) 
-15+15: 12(0.961059) 9(0.959872) 14(0.957856) 10(0.951028) 7(0.948534) 5(0.947846) 0(0.947728) 4(0.947299) 13(0.947097) 8(0.946421) 11(0.941580) 3(0.936773) 2(0.920366) 6(0.909573) 1(0.896999) 



-15+30: 9(0.935224) 2(0.918181) 11(0.916212) 7(0.915310) 6(0.913904) 12(0.903284) 3(0.903257) 0(0.902517) 4(0.901421) 8(0.882749) 5(0.877646) 13(0.876505) 10(0.866059) 1(0.840593) 14(0.835779) 



-15+45: 4(0.932372) 2(0.909990) 0(0.902516) 6(0.891119) 1(0.887183) 7(0.869178) 3(0.863440) 5(0.856326) 9(0.853227) 8(0.851024) 10(0.842640) 14(0.837215) 13(0.813680) 11(0.813672) 12(0.749773) 

MatchingIndex 27 - 9 : 9 7 8 11 13 14 5 4 6 0 1 10 2 12 3 (=)

aCosine: 9(0.990197) 7(0.984436) 11(0.980999) 14(0.980477) 4(0.975983) 0(0.975153) 5(0.973565) 12(0.970600) 8(0.970432) 3(0.970142) 6(0.968274) 13(0.966731) 2(0.966723) 10(0.966717) 1(0.948601) 
+0+0: 10(0.968163) 12(0.961720) 0(0.960601) 5(0.949960) 14(0.948141) 13(0.947051) 9(0.941292) 11(0.931331) 3(0.929574) 8(0.919712) 4(0.914383) 6(0.911670) 7(0.899354) 2(0.888947) 1(0.853374) 
+0-15: 9(0.976996) 5(0.975642) 12(0.962356) 11(0.957502) 13(0.954690) 14(0.953065) 6(0.949882) 0(0.939996) 10(0.928413) 7(0.925442) 8(0.919069) 3(0.909663) 4(0.908000) 2(0.865170) 1(0.854522) 
+0+15: 9(0.961666) 11(0.951897) 14(0.949639) 13(0.944105) 4(0.940004) 12(0.935227) 8(0.931432) 10(0.921670) 5(0.916001) 3(0.911910) 7(0.885615) 0(0.880942) 2(0.869189) 6(0.852813) 1(0.848685) 
+15+0: 9(0.980191) 5(0.965717) 11(0.951420) 7(0.949373) 1(0.938571) 2(0.936141) 12(0.912841) 10(0.912619) 3(0.897615) 4(0.881332) 0(0.879067) 14(0.869349) 8(0.862720) 13(0.813433) 6(0.803127) 
+0+30: 9(0.973572) 10(0.956679) 12(0.935415) 0(0.935035) 11(0.933683) 14(0.925248) 5(0.918812) 4(0.913204) 2(0.912787) 13(0.911048) 7(0.905906) 8(0.901442) 6(0.900932) 3(0.889718) 1(0.803338) 

MatchingIndex 28 - 9 : 9 11 12 14 3 0 1 4 6 5 7 10 8 2 13 (=)

aCosine: 9(0.975805) 2(0.975286) 10(0.969417) 4(0.967813) 0(0.965837) 11(0.965105) 7(0.957717) 5(0.955322) 12(0.954656) 14(0.950939) 13(0.950293) 3(0.933090) 1(0.931778) 6(0.931587) 8(0.929572) 
+30+0: 9(0.974190) 11(0.969162) 12(0.964348) 7(0.951971) 5(0.946922) 10(0.945780) 2(0.931556) 1(0.929683) 4(0.915720) 14(0.911609) 3(0.906054) 6(0.887209) 8(0.875439) 0(0.844902) 13(0.822726) 
+30-15: 9(0.974328) 12(0.964958) 11(0.953855) 4(0.951152) 5(0.931782) 7(0.930943) 3(0.921128) 13(0.908094) 10(0.907094) 1(0.897373) 8(0.885141) 2(0.880890) 14(0.878779) 0(0.850290) 6(0.837920) 
+30+15: 9(0.953982) 11(0.937075) 0(0.929731) 12(0.926367) 14(0.920868) 7(0.915384) 1(0.902335) 5(0.896392) 3(0.891931) 10(0.889859) 4(0.873916) 2(0.871672) 6(0.855357) 13(0.810247) 8(0.775529) 

+30+30: 9(0.948833) 11(0.947702) 6(0.946861) 12(0.945491) 4(0.942424) 10(0.928230) 2(0.926025) 0(0.923044) 14(0.922136) 13(0.875799) 3(0.845613) 7(0.844118) 8(0.814325) 1(0.788945) 5(0.730063) 

+15+60: 9(0.978432) 2(0.966959) 10(0.956019) 14(0.940132) 11(0.936357) 3(0.930838) 1(0.927970) 5(0.926106) 7(0.925565) 0(0.921379) 6(0.898774) 12(0.895899) 4(0.892340) 8(0.888296) 13(0.888049) 

MatchingIndex 29 - 9 : 9 11 12 14 13 0 1 5 3 2 4 10 7 8 6 (=)

aCosine: 10(0.990326) 14(0.986834) 12(0.986343) 5(0.985010) 8(0.982680) 13(0.982111) 6(0.981038) 9(0.977604) 11(0.975196) 0(0.970459) 3(0.964698) 4(0.963250) 2(0.962487) 7(0.955612) 1(0.929248) 
-15+0: 10(0.967496) 9(0.956351) 3(0.954373) 0(0.950816) 8(0.949281) 13(0.946095) 7(0.943918) 5(0.939286) 12(0.936390) 1(0.935829) 11(0.928949) 6(0.923536) 2(0.915734) 14(0.912840) 4(0.909624) 

-30+0: 10(0.981384) 0(0.933116) 8(0.932766) 9(0.929898) 1(0.905100) 13(0.898753) 12(0.897121) 5(0.886880) 11(0.884926) 2(0.881007) 7(0.878136) 6(0.845792) 3(0.842624) 14(0.830248) 4(0.824559) 
-15+15: 10(0.973647) 6(0.952606) 12(0.944848) 14(0.936582) 1(0.935212) 13(0.932517) 5(0.927396) 2(0.906622) 0(0.904858) 3(0.897183) 4(0.896775) 8(0.890952) 9(0.882380) 11(0.881911) 7(0.879609) 



-15+30: 12(0.974292) 13(0.967639) 8(0.964597) 9(0.959434) 10(0.959355) 14(0.947428) 3(0.945956) 6(0.945321) 5(0.938369) 7(0.935139) 11(0.934980) 2(0.932812) 4(0.920053) 0(0.893737) 1(0.727085) 



-15+45: 10(0.977007) 8(0.970152) 13(0.958381) 5(0.956967) 12(0.946138) 6(0.942364) 9(0.939936) 11(0.936298) 14(0.912288) 0(0.909132) 3(0.893099) 2(0.881538) 4(0.876328) 7(0.849076) 1(0.704164) 

MatchingIndex 30 - 10 : 10 13 11 14 1 0 3 4 5 6 8 7 9 12 2 (=)

aCosine: 14(0.990339) 5(0.989801) 12(0.989389) 8(0.988869) 13(0.987118) 9(0.986476) 10(0.984378) 11(0.983425) 6(0.983115) 4(0.978646) 3(0.977972) 0(0.975142) 7(0.972122) 2(0.961924) 1(0.942916) 
+0+0: 10(0.983510) 12(0.967289) 5(0.961053) 13(0.954079) 8(0.948961) 11(0.938749) 3(0.937394) 9(0.934341) 0(0.929828) 14(0.926084) 4(0.925645) 6(0.890698) 7(0.875233) 2(0.867960) 1(0.854063) 
+0-15: 10(0.978960) 5(0.943823) 12(0.932680) 4(0.924289) 8(0.911646) 1(0.911107) 9(0.911065) 11(0.909952) 7(0.907830) 13(0.902955) 2(0.899597) 3(0.895788) 6(0.879182) 0(0.858636) 14(0.857095) 
+0+15: 10(0.970817) 14(0.962000) 8(0.955241) 13(0.953118) 12(0.952962) 11(0.951905) 5(0.950089) 9(0.924628) 4(0.922627) 0(0.921434) 3(0.917251) 7(0.872992) 6(0.857980) 2(0.833453) 1(0.816036) 
+15+0: 8(0.974504) 10(0.968722) 12(0.966482) 13(0.951330) 4(0.941077) 14(0.930435) 11(0.912481) 3(0.897657) 5(0.889524) 6(0.884732) 1(0.866246) 9(0.862899) 2(0.860862) 7(0.857114) 0(0.852590) 
+0+30: 10(0.974911) 9(0.961721) 12(0.953396) 14(0.950188) 6(0.941905) 11(0.938568) 0(0.936057) 13(0.931805) 5(0.929745) 4(0.928652) 8(0.920476) 2(0.916996) 7(0.912942) 3(0.911831) 1(0.802638) 

MatchingIndex 31 - 10 : 10 12 13 14 3 4 2 1 5 6 8 9 11 7 0 (=)

aCosine: 10(0.986734) 12(0.974821) 13(0.972361) 2(0.971840) 9(0.969739) 5(0.969216) 11(0.968848) 4(0.967475) 0(0.967381) 14(0.960317) 8(0.950585) 6(0.947605) 7(0.943303) 3(0.940868) 1(0.917720) 
+30+0: 10(0.982782) 8(0.964587) 14(0.958784) 12(0.955430) 5(0.934962) 11(0.933888) 9(0.925871) 1(0.925793) 4(0.924498) 3(0.919637) 6(0.917317) 13(0.915239) 7(0.913121) 2(0.899905) 0(0.860274) 
+30-15: 10(0.978731) 14(0.969360) 8(0.931293) 2(0.919480) 6(0.917574) 12(0.872455) 0(0.864507) 13(0.855917) 4(0.850381) 11(0.842895) 9(0.828777) 3(0.828557) 5(0.820968) 7(0.820692) 1(0.808983) 
+30+15: 10(0.984087) 14(0.954437) 6(0.946284) 12(0.941011) 13(0.935640) 4(0.930581) 0(0.925100) 8(0.924871) 11(0.918335) 2(0.904024) 5(0.898231) 9(0.850104) 3(0.847379) 1(0.837785) 7(0.835322) 

+30+30: 10(0.987845) 13(0.965258) 14(0.949563) 2(0.939234) 12(0.924619) 6(0.919429) 8(0.917727) 4(0.910539) 0(0.887168) 11(0.883134) 9(0.876550) 3(0.839620) 7(0.754417) 1(0.704396) 5(0.628478) 

+30+45: 10(0.969719) 9(0.953372) 14(0.939233) 0(0.929960) 6(0.926890) 8(0.919937) 12(0.914175) 11(0.913661) 13(0.912157) 3(0.894872) 5(0.893388) 7(0.879655) 4(0.877745) 2(0.830684) 1(0.667307) 

MatchingIndex 32 - 10 : 10 14 13 3 0 2 5 6 7 8 9 4 11 12 1 (=)

aCosine: 8(0.985152) 14(0.984373) 6(0.983465) 5(0.981070) 12(0.978252) 13(0.974678) 3(0.969788) 9(0.968689) 10(0.968181) 11(0.965849) 7(0.954579) 0(0.954322) 4(0.952105) 2(0.942679) 1(0.926659) 
-30+0: 12(0.964294) 9(0.949403) 13(0.945862) 11(0.942450) 8(0.936399) 5(0.930509) 0(0.923031) 4(0.919684) 10(0.918605) 3(0.918054) 1(0.917806) 7(0.887207) 2(0.857338) 6(0.809736) 14(0.804871) 









-15-60: 6(0.971386) 11(0.959018) 8(0.948747) 2(0.948546) 4(0.942438) 5(0.940774) 13(0.927626) 12(0.925754) 7(0.916320) 14(0.911431) 3(0.832030) 1(0.797767) 10(0.516329) 0(0.508211) 9(0.473134) 













MatchingIndex 33 - 11 : 8 12 13 14 2 4 3 1 5 0 9 6 11 7 10 (*)

aCosine: 8(0.990617) 6(0.989081) 12(0.987972) 14(0.987305) 13(0.986326) 5(0.986226) 11(0.979263) 3(0.976688) 10(0.974428) 9(0.970739) 0(0.968516) 4(0.963359) 7(0.957545) 2(0.950552) 1(0.936684) 
+0+0: 11(0.970558) 5(0.969051) 10(0.968726) 9(0.958469) 12(0.953677) 3(0.952904) 13(0.937144) 8(0.923960) 0(0.921711) 4(0.919968) 7(0.914259) 1(0.913420) 14(0.911143) 2(0.897642) 6(0.861953) 
+0-15: 11(0.972205) 5(0.969121) 12(0.963147) 8(0.954792) 13(0.951021) 3(0.950314) 9(0.944078) 10(0.940809) 7(0.918127) 6(0.907241) 14(0.904084) 4(0.900171) 1(0.886726) 0(0.886080) 2(0.859091) 
-15+0: 12(0.974229) 8(0.961684) 9(0.959236) 11(0.953419) 5(0.951005) 3(0.947740) 13(0.947546) 10(0.945115) 4(0.939262) 0(0.914643) 7(0.901688) 6(0.895242) 1(0.880891) 2(0.871940) 14(0.869869) 
+0+15: 10(0.970575) 5(0.967501) 12(0.964786) 11(0.960445) 13(0.956125) 8(0.952077) 14(0.946185) 0(0.931258) 4(0.918742) 9(0.914863) 3(0.908769) 7(0.879355) 2(0.862623) 6(0.853078) 1(0.848815) 

-15+15: 13(0.962288) 12(0.958830) 10(0.957721) 5(0.957372) 11(0.950518) 14(0.945719) 0(0.942038) 4(0.936049) 2(0.935610) 8(0.929083) 3(0.925903) 9(0.924277) 7(0.901114) 6(0.899449) 1(0.888452) 

MatchingIndex 34 - 11 : 12 11 13 14 2 3 1 6 4 7 8 10 5 9 0 (*)

aCosine: 2(0.980972) 10(0.980040) 9(0.973800) 12(0.973736) 11(0.971883) 5(0.971794) 13(0.971396) 0(0.971334) 4(0.968985) 14(0.963174) 7(0.954487) 6(0.950906) 3(0.949480) 8(0.947803) 1(0.938497) 
+15+0: 12(0.974979) 10(0.968424) 8(0.961808) 11(0.954285) 5(0.940220) 14(0.932018) 4(0.931578) 13(0.931277) 3(0.926935) 1(0.922699) 9(0.919402) 7(0.916503) 2(0.916240) 6(0.886478) 0(0.878069) 
+15+15: 10(0.968947) 12(0.962514) 8(0.960794) 11(0.953781) 13(0.952725) 14(0.946214) 5(0.945256) 9(0.941353) 4(0.925865) 6(0.915215) 3(0.901475) 0(0.897450) 2(0.873912) 1(0.852575) 7(0.837501) 
+30+0: 11(0.975036) 10(0.968902) 12(0.966672) 9(0.960128) 1(0.956736) 5(0.953761) 7(0.947537) 3(0.940853) 14(0.927997) 2(0.922272) 8(0.909886) 4(0.905201) 6(0.899854) 13(0.860718) 0(0.843608) 
+30-15: 14(0.956476) 10(0.951474) 6(0.935351) 2(0.928309) 11(0.904825) 8(0.904296) 12(0.897447) 0(0.892504) 13(0.876045) 9(0.871827) 7(0.868312) 3(0.863661) 4(0.863421) 1(0.862975) 5(0.853135) 
+15+30: 12(0.965511) 14(0.962204) 11(0.961123) 5(0.961008) 13(0.956968) 6(0.951468) 10(0.943860) 9(0.941189) 4(0.936893) 8(0.936681) 0(0.919969) 2(0.918834) 3(0.871417) 7(0.869987) 1(0.743882) 

MatchingIndex 35 - 11 : 10 12 14 13 3 2 4 0 6 7 5 8 11 1 9 (*)

aCosine: 6(0.987657) 14(0.986107) 12(0.985941) 8(0.984466) 5(0.979891) 13(0.978480) 10(0.974518) 0(0.967768) 9(0.967542) 3(0.967526) 11(0.966483) 2(0.952133) 4(0.950949) 7(0.950003) 1(0.924074) 
-30+0: 12(0.964354) 9(0.945172) 0(0.942979) 10(0.940366) 8(0.940089) 5(0.935269) 11(0.926923) 13(0.921786) 1(0.919014) 4(0.906648) 3(0.894013) 2(0.882653) 7(0.875912) 6(0.841558) 14(0.813582) 

























MatchingIndex 36 - 12 : 12 10 13 6 7 14 1 2 5 3 9 4 8 11 0 (=)

aCosine: 12(0.992533) 6(0.989242) 8(0.985029) 13(0.984722) 14(0.979522) 5(0.976938) 0(0.973368) 11(0.971435) 10(0.969040) 3(0.962202) 9(0.960742) 4(0.958829) 2(0.946324) 7(0.942592) 1(0.917869) 
+0+0: 12(0.970374) 10(0.966262) 5(0.965039) 11(0.963817) 9(0.962153) 0(0.952031) 3(0.948695) 13(0.935586) 7(0.929500) 4(0.921010) 14(0.918623) 8(0.915857) 2(0.915487) 1(0.915282) 6(0.875132) 
+0-15: 12(0.976093) 13(0.959962) 9(0.957249) 10(0.956106) 5(0.950425) 11(0.949344) 8(0.931089) 6(0.930487) 4(0.925880) 3(0.921099) 14(0.918545) 0(0.912712) 7(0.877148) 1(0.854661) 2(0.852735) 
-15+0: 12(0.971969) 9(0.962637) 5(0.958460) 13(0.955436) 11(0.954900) 6(0.947183) 8(0.938350) 0(0.935243) 3(0.923364) 7(0.919369) 10(0.919158) 4(0.919002) 14(0.895366) 1(0.887230) 2(0.872203) 
+0+15: 12(0.984826) 5(0.959955) 0(0.958779) 13(0.957426) 10(0.955778) 14(0.949575) 11(0.939308) 8(0.937620) 4(0.920707) 9(0.912600) 3(0.899827) 6(0.883973) 7(0.880601) 2(0.878309) 1(0.845228) 

-15+15: 12(0.975882) 10(0.940687) 6(0.937692) 1(0.935088) 0(0.930390) 4(0.927103) 13(0.926812) 2(0.924238) 5(0.920655) 14(0.917706) 11(0.908247) 3(0.895756) 7(0.889116) 8(0.870450) 9(0.866756) 

MatchingIndex 37 - 12 : 12 13 11 14 3 0 1 2 4 8 9 6 5 10 7 (=)

aCosine: 12(0.981365) 10(0.980113) 4(0.979999) 2(0.978302) 0(0.978172) 5(0.978081) 13(0.977165) 11(0.975936) 9(0.975046) 14(0.969363) 7(0.959433) 6(0.958551) 8(0.956666) 3(0.952112) 1(0.941004) 
+15+0: 12(0.981795) 10(0.967397) 5(0.945294) 8(0.945095) 14(0.944241) 11(0.939792) 9(0.928674) 2(0.924553) 3(0.922858) 7(0.920207) 1(0.920196) 0(0.915928) 4(0.909996) 6(0.901604) 13(0.893919) 
+15-15: 10(0.967168) 14(0.967080) 13(0.965260) 12(0.960167) 11(0.955369) 9(0.954778) 2(0.940044) 0(0.936167) 6(0.930288) 3(0.924523) 8(0.912273) 5(0.896898) 7(0.871236) 4(0.865084) 1(0.834407) 
+15+15: 12(0.982199) 14(0.969707) 8(0.966398) 5(0.956956) 10(0.950745) 11(0.945483) 9(0.944640) 0(0.944414) 6(0.941783) 13(0.930024) 3(0.928879) 4(0.907227) 2(0.900455) 7(0.867255) 1(0.862294) 
+30+0: 12(0.970123) 10(0.967318) 5(0.947627) 1(0.941549) 8(0.939903) 14(0.939183) 3(0.938946) 11(0.937532) 4(0.928654) 9(0.927725) 7(0.923109) 2(0.914023) 6(0.909571) 13(0.886850) 0(0.857477) 
+15+30: 12(0.968831) 14(0.967564) 6(0.951103) 5(0.949495) 0(0.949449) 13(0.944732) 10(0.937195) 11(0.931544) 9(0.930146) 8(0.924507) 2(0.920640) 7(0.897853) 4(0.896411) 3(0.873128) 1(0.813086) 

MatchingIndex 38 - 12 : 12 14 13 4 7 0 2 1 6 8 5 9 10 3 11 (=)

aCosine: 6(0.982115) 14(0.981576) 11(0.979471) 8(0.977152) 0(0.970866) 12(0.968815) 5(0.967472) 13(0.962689) 4(0.962379) 3(0.962363) 9(0.960421) 7(0.959305) 10(0.958134) 2(0.948274) 1(0.945006) 
-15+0: 0(0.943102) 13(0.934976) 6(0.934814) 7(0.931334) 14(0.927880) 10(0.920682) 9(0.916223) 1(0.908923) 2(0.902938) 5(0.901732) 8(0.900724) 3(0.893507) 11(0.889624) 12(0.876575) 4(0.827521) 

-30+0: 10(0.921470) 13(0.915436) 0(0.913903) 5(0.912654) 12(0.890304) 8(0.887815) 9(0.885499) 11(0.884284) 1(0.870254) 4(0.847220) 7(0.840124) 3(0.833620) 2(0.804896) 6(0.795871) 14(0.788854) 







-15-60: 4(0.970979) 6(0.962924) 8(0.960984) 13(0.959483) 14(0.952868) 7(0.952251) 12(0.949736) 11(0.945897) 5(0.919696) 2(0.915140) 1(0.906955) 3(0.806104) 10(0.619815) 0(0.618035) 9(0.557114) 












MatchingIndex 39 - 13 : 13 11 12 14 2 1 4 6 5 0 9 7 3 8 10 (=)

aCosine: 13(0.988426) 12(0.987430) 11(0.985411) 14(0.984284) 8(0.983856) 0(0.983631) 6(0.981972) 5(0.981811) 9(0.980192) 10(0.980185) 4(0.978182) 3(0.962841) 7(0.955146) 2(0.954199) 1(0.926473) 
+0+0: 13(0.970127) 12(0.968286) 10(0.961254) 8(0.952645) 14(0.941950) 0(0.941850) 5(0.938955) 11(0.930206) 3(0.924172) 9(0.922084) 4(0.919031) 6(0.913057) 7(0.866475) 2(0.865131) 1(0.853484) 
+0-15: 11(0.972686) 13(0.971460) 9(0.965026) 12(0.963451) 6(0.959154) 5(0.958607) 0(0.940319) 14(0.938431) 10(0.937575) 8(0.931836) 4(0.930339) 3(0.916498) 7(0.897063) 1(0.853135) 2(0.846223) 
+0+15: 13(0.967132) 11(0.960881) 12(0.958635) 10(0.958270) 14(0.957849) 5(0.948549) 8(0.946715) 0(0.930882) 4(0.929415) 9(0.923001) 3(0.893924) 7(0.865482) 2(0.855657) 6(0.850094) 1(0.841743) 
+15+0: 13(0.976092) 8(0.958892) 4(0.955572) 12(0.947789) 10(0.930538) 14(0.912469) 11(0.906189) 3(0.877274) 5(0.873448) 1(0.866845) 9(0.852000) 6(0.846208) 2(0.842464) 7(0.838368) 0(0.826159) 
-15+15: 10(0.962916) 14(0.955284) 13(0.951652) 5(0.951042) 0(0.947641) 12(0.947252) 9(0.928160) 8(0.927161) 11(0.926988) 6(0.925901) 4(0.924045) 2(0.918447) 3(0.903038) 7(0.898244) 1(0.894837) 

MatchingIndex 40 - 13 : 13 14 6 7 0 4 1 2 5 3 8 9 10 12 11 (=)

aCosine: 10(0.978318) 4(0.974731) 13(0.972318) 0(0.970908) 12(0.970614) 11(0.969709) 9(0.968166) 2(0.964516) 5(0.963834) 14(0.954531) 8(0.941192) 7(0.940642) 6(0.939078) 3(0.932068) 1(0.918839) 
+30+0: 8(0.955125) 10(0.953169) 14(0.944073) 12(0.942690) 1(0.940769) 11(0.932842) 4(0.931174) 13(0.929810) 5(0.926838) 3(0.920661) 9(0.916944) 7(0.914778) 6(0.888582) 2(0.887827) 0(0.833450) 
+30-15: 12(0.958991) 11(0.958699) 9(0.945696) 4(0.944318) 10(0.935241) 5(0.934490) 13(0.932105) 1(0.927678) 8(0.922103) 3(0.916458) 14(0.912164) 7(0.911602) 2(0.893400) 6(0.857269) 0(0.856368) 
+15+30: 4(0.958437) 11(0.957942) 0(0.940548) 13(0.934727) 12(0.929761) 2(0.928333) 14(0.923919) 5(0.914485) 6(0.898722) 10(0.896067) 9(0.894118) 8(0.861732) 7(0.809928) 3(0.777126) 1(0.707232) 
+30+15: 14(0.954391) 11(0.945346) 10(0.936073) 6(0.926488) 13(0.925856) 12(0.921745) 8(0.915913) 0(0.904837) 5(0.890143) 4(0.885534) 3(0.874692) 1(0.872601) 2(0.870342) 9(0.869847) 7(0.849210) 

+15+45: 0(0.975164) 14(0.972515) 5(0.966470) 6(0.952645) 12(0.936978) 13(0.935472) 10(0.924683) 8(0.893606) 4(0.882839) 7(0.880291) 9(0.865800) 3(0.865729) 11(0.842842) 2(0.776934) 1(0.509627) 

MatchingIndex 41 - 13 : 14 13 9 0 4 2 3 6 7 5 8 10 11 12 1 (*)

aCosine: 6(0.980255) 14(0.978826) 8(0.977671) 5(0.960752) 12(0.959354) 3(0.954594) 13(0.953399) 11(0.952298) 10(0.945193) 9(0.944529) 0(0.943159) 7(0.939720) 4(0.933259) 2(0.922561) 1(0.909550) 
-15+0: 14(0.965776) 6(0.958739) 13(0.952705) 9(0.951989) 8(0.948670) 5(0.944396) 10(0.937205) 11(0.934233) 7(0.933540) 12(0.932679) 0(0.932126) 3(0.915869) 1(0.907348) 2(0.890693) 4(0.887159) 

-30+0: 8(0.926438) 10(0.901606) 6(0.898822) 0(0.896279) 7(0.895027) 14(0.892796) 13(0.884659) 1(0.878264) 9(0.871770) 11(0.861769) 2(0.848788) 12(0.833623) 5(0.827350) 3(0.823963) 4(0.792875) 
-15+15: 14(0.975967) 6(0.959385) 10(0.947685) 12(0.942466) 5(0.933363) 13(0.929351) 2(0.922507) 0(0.918103) 8(0.913288) 4(0.910278) 1(0.897151) 9(0.896545) 11(0.894864) 7(0.891770) 3(0.888825) 
+0-30: 14(0.983752) 5(0.960399) 10(0.956577) 0(0.948782) 12(0.947486) 6(0.943912) 8(0.930794) 11(0.929899) 13(0.924499) 4(0.920922) 3(0.914388) 9(0.905010) 7(0.897126) 2(0.871668) 1(0.700802) 

-15+30: 14(0.964513) 8(0.961708) 13(0.959549) 12(0.948695) 7(0.948037) 9(0.945750) 6(0.938124) 3(0.928654) 11(0.928055) 4(0.923020) 10(0.913953) 2(0.912996) 5(0.906004) 0(0.857317) 1(0.664111) 

MatchingIndex 42 - 14 : 14 8 13 12 0 5 3 7 4 9 2 11 10 6 1 (=)

aCosine: 14(0.985142) 5(0.984995) 13(0.984265) 8(0.980512) 9(0.979770) 12(0.977962) 10(0.976752) 4(0.973297) 11(0.969784) 6(0.969715) 3(0.966111) 7(0.963022) 0(0.960891) 2(0.951492) 1(0.928314) 
+0+0: 10(0.967406) 12(0.957839) 13(0.951680) 9(0.951480) 5(0.951352) 14(0.949983) 11(0.949129) 3(0.943095) 0(0.936049) 8(0.928671) 4(0.922921) 7(0.908023) 2(0.903702) 6(0.894201) 1(0.890792) 
+0-15: 13(0.977193) 9(0.961438) 14(0.957006) 12(0.955892) 11(0.951680) 8(0.947116) 6(0.946540) 5(0.943896) 10(0.935015) 4(0.930496) 3(0.920162) 0(0.920035) 7(0.857315) 1(0.813312) 2(0.810384) 
+0+15: 14(0.979875) 13(0.967277) 8(0.950471) 12(0.948442) 11(0.946719) 10(0.946399) 5(0.938761) 9(0.926396) 3(0.920041) 7(0.911166) 6(0.911115) 0(0.893059) 4(0.887804) 2(0.885268) 1(0.862567) 
+15+0: 10(0.963979) 14(0.955837) 12(0.952918) 8(0.942316) 11(0.940508) 9(0.930499) 5(0.928178) 1(0.919649) 7(0.919352) 2(0.911691) 3(0.909375) 0(0.901153) 4(0.896819) 6(0.896597) 13(0.887922) 
+15-15: 13(0.952382) 12(0.951984) 10(0.948708) 11(0.946482) 9(0.944810) 14(0.933102) 3(0.930792) 2(0.930717) 5(0.929161) 8(0.927350) 7(0.911508) 1(0.901046) 4(0.900234) 0(0.893952) 6(0.869359) 

MatchingIndex 43 - 14 : 14 13 6 7 2 3 1 0 5 8 9 4 10 11 12 (=)

aCosine: 14(0.978040) 5(0.978003) 4(0.975458) 2(0.974284) 9(0.974278) 10(0.973925) 11(0.973006) 7(0.970820) 13(0.969517) 12(0.968686) 0(0.966821) 6(0.957461) 3(0.956228) 1(0.956037) 8(0.955287) 
+30+0: 10(0.969687) 14(0.965734) 12(0.954141) 11(0.950135) 1(0.946431) 8(0.946089) 5(0.946054) 9(0.938187) 7(0.936439) 3(0.921125) 4(0.914993) 2(0.912127) 6(0.911892) 13(0.890735) 0(0.852580) 
+30-15: 10(0.965402) 14(0.963617) 12(0.945918) 11(0.939010) 8(0.935867) 4(0.935838) 9(0.922214) 13(0.921524) 3(0.915952) 5(0.910313) 2(0.909517) 7(0.907249) 6(0.904582) 1(0.899512) 0(0.873969) 
+30+15: 14(0.981102) 10(0.953278) 6(0.952540) 8(0.930879) 12(0.925296) 11(0.923392) 13(0.922456) 0(0.915464) 4(0.909692) 5(0.884214) 2(0.882169) 9(0.876190) 1(0.868921) 3(0.860336) 7(0.857337) 

+30+30: 14(0.977970) 12(0.958973) 10(0.957934) 6(0.952333) 11(0.933154) 13(0.925398) 4(0.925206) 2(0.909238) 0(0.905463) 9(0.897112) 8(0.878210) 3(0.870247) 7(0.846616) 1(0.790791) 5(0.704567) 

+30+45: 14(0.974947) 8(0.936537) 6(0.935370) 10(0.931367) 13(0.924218) 9(0.922134) 0(0.904142) 5(0.901531) 12(0.895389) 7(0.884070) 3(0.856033) 11(0.849321) 2(0.819738) 4(0.809443) 1(0.660162) 

MatchingIndex 44 - 14 : 14 12 11 13 0 1 4 3 2 7 6 9 8 5 10 (=)

vFalses(9): 3 10 11 14 15 33 34 35 41 
MatchingHeadPose: NotDiv/Pose/NotNormalize/ - Div/Test/Pose/NotNormalize/ : 2015-05-28.11:52:34 countTrue: 36 / 45 = 0.8

---------------------------------------------------------------------------------------------------------
---------------------------------------------------------------------------------------------------------
---------------------------------------------------------------------------------------------------------
---------------------------------------------------------------------------------------------------------
---------------------------------------------------------------------------------------------------------

