MatchingHeadPose: NotDiv/Pose/NotNormalize/ - Div/Test/Pose/NotNormalize/ : 2015-05-28.11:45:15
aCosine: 12(0.978058) 10(0.975169) 6(0.974718) 0(0.973740) 13(0.966047) 14(0.964472) 5(0.962458) 2(0.959029) 11(0.956837) 8(0.955200) 9(0.949983) 4(0.936186) 3(0.930264) 7(0.917140) 1(0.892631) 
-15+0: 6(0.937249) 14(0.934877) 0(0.930766) 7(0.913173) 13(0.895595) 1(0.895044) 9(0.884755) 10(0.874191) 2(0.873010) 5(0.867977) 8(0.860896) 11(0.855332) 12(0.849155) 3(0.847521) 4(0.785588) 

MatchingIndex 0 - 0 : 6 14 5 7 12 11 0 4 1 2 9 3 8 10 13 (*)

aCosine: 12(0.986355) 6(0.983243) 13(0.979537) 0(0.978731) 8(0.973004) 14(0.971932) 5(0.968475) 10(0.965743) 11(0.963310) 9(0.957834) 3(0.948106) 4(0.947772) 2(0.939265) 7(0.931701) 1(0.899810) 
+0+0: 0(0.980381) 14(0.955681) 6(0.948335) 12(0.941256) 10(0.934484) 11(0.917611) 13(0.911456) 5(0.910341) 8(0.901930) 3(0.898735) 9(0.894950) 7(0.882746) 2(0.869776) 4(0.852476) 1(0.849092) 

MatchingIndex 1 - 0 : 0 6 14 13 1 3 5 4 7 2 8 9 10 11 12 (=)

aCosine: 10(0.978717) 0(0.975871) 12(0.975612) 13(0.974571) 5(0.965670) 2(0.962035) 9(0.960863) 11(0.958704) 4(0.958610) 14(0.954127) 6(0.949320) 8(0.941706) 7(0.925083) 3(0.923120) 1(0.896796) 
+30+0: 6(0.954302) 0(0.941013) 14(0.936004) 10(0.922909) 12(0.913751) 8(0.912489) 2(0.912193) 5(0.896523) 1(0.895438) 7(0.886240) 11(0.880598) 9(0.874238) 3(0.868497) 4(0.865024) 13(0.850864) 

MatchingIndex 2 - 0 : 0 6 10 14 11 13 2 1 7 3 5 9 8 4 12 (=)

aCosine: 8(0.968582) 3(0.961075) 14(0.959988) 6(0.959687) 7(0.952070) 11(0.950447) 12(0.946478) 9(0.945187) 5(0.941145) 13(0.939543) 0(0.937735) 4(0.931271) 1(0.930003) 10(0.922509) 2(0.899892) 
-30+0: 1(0.935778) 11(0.922119) 7(0.914368) 4(0.913257) 3(0.911612) 9(0.910261) 12(0.909159) 13(0.902624) 8(0.895551) 5(0.877218) 0(0.853062) 6(0.843134) 10(0.829782) 2(0.809192) 14(0.741141) 

MatchingIndex 3 - 1 : 3 11 8 12 13 14 1 4 5 6 2 7 9 10 0 (*)

aCosine: 7(0.976780) 1(0.975404) 9(0.971635) 3(0.969793) 11(0.969600) 14(0.967288) 4(0.963779) 0(0.961471) 8(0.959408) 12(0.959127) 5(0.957599) 13(0.954031) 10(0.951301) 6(0.950461) 2(0.949516) 
+0+0: 1(0.974726) 7(0.940705) 9(0.935450) 11(0.931597) 3(0.913054) 5(0.904861) 10(0.901755) 0(0.889205) 2(0.886211) 12(0.866444) 14(0.860538) 4(0.841094) 13(0.833410) 8(0.813307) 6(0.794060) 

MatchingIndex 4 - 1 : 1 7 9 11 14 13 2 3 6 5 8 10 0 4 12 (=)

aCosine: 10(0.928961) 2(0.922008) 9(0.910422) 0(0.908063) 12(0.904730) 4(0.903259) 11(0.901633) 13(0.900101) 5(0.895359) 14(0.885529) 7(0.881781) 1(0.871167) 8(0.869285) 3(0.866545) 6(0.856990) 
+15+0: 1(0.936307) 9(0.919837) 11(0.919022) 5(0.917336) 7(0.911435) 3(0.874880) 10(0.873978) 2(0.873728) 12(0.868710) 4(0.844698) 0(0.841244) 8(0.836729) 14(0.832345) 13(0.814459) 6(0.759498) 

MatchingIndex 5 - 1 : 9 11 7 12 14 1 0 4 6 5 2 10 8 3 13 (*)

aCosine: 2(0.988914) 7(0.960149) 9(0.958609) 11(0.954054) 0(0.952270) 14(0.951806) 10(0.950212) 1(0.949711) 5(0.946838) 4(0.946623) 12(0.944091) 3(0.942049) 6(0.934441) 13(0.932867) 8(0.925548) 
-15+0: 2(0.976355) 0(0.920193) 7(0.917884) 13(0.911027) 9(0.906418) 1(0.898489) 3(0.897584) 10(0.894430) 8(0.884233) 14(0.874722) 12(0.869064) 5(0.857534) 6(0.855486) 11(0.838831) 4(0.833121) 

MatchingIndex 6 - 2 : 2 7 9 10 13 14 0 1 5 3 8 6 11 12 4 (=)

aCosine: 2(0.997297) 9(0.974470) 10(0.967422) 5(0.964432) 12(0.963985) 0(0.962840) 14(0.962771) 11(0.961549) 7(0.959988) 13(0.956588) 3(0.956435) 4(0.953887) 6(0.953526) 8(0.946652) 1(0.942075) 
+0+0: 2(0.972631) 9(0.934139) 7(0.927763) 11(0.908895) 1(0.906843) 3(0.904272) 5(0.901450) 0(0.899481) 10(0.898972) 12(0.870104) 14(0.864059) 13(0.838570) 4(0.835659) 6(0.806045) 8(0.795614) 

MatchingIndex 7 - 2 : 2 9 11 12 14 3 1 5 0 7 4 10 6 8 13 (=)

aCosine: 2(0.977484) 10(0.963888) 9(0.955927) 12(0.950812) 0(0.949129) 13(0.948297) 5(0.943111) 4(0.940480) 11(0.940239) 14(0.929050) 7(0.919709) 6(0.918239) 3(0.916431) 8(0.914356) 1(0.893913) 
+15+15: 2(0.972234) 11(0.893184) 12(0.890777) 0(0.886296) 5(0.885504) 6(0.866969) 4(0.862230) 7(0.857903) 14(0.857400) 9(0.853725) 10(0.842381) 8(0.840805) 1(0.836367) 13(0.830783) 3(0.823460) 

MatchingIndex 8 - 2 : 2 12 9 10 14 4 0 1 3 6 7 5 11 8 13 (=)

aCosine: 3(0.960721) 6(0.955016) 14(0.953030) 11(0.952787) 8(0.952757) 7(0.942244) 1(0.935375) 0(0.934930) 9(0.931394) 4(0.928699) 5(0.928072) 12(0.927521) 2(0.917554) 13(0.917296) 10(0.912232) 
-15+0: 9(0.928358) 3(0.922254) 4(0.912228) 8(0.908965) 13(0.908221) 12(0.907915) 0(0.903771) 11(0.899098) 10(0.899013) 5(0.890374) 1(0.888309) 7(0.878871) 2(0.877465) 14(0.847583) 6(0.833689) 

MatchingIndex 9 - 3 : 3 8 9 11 12 13 14 5 4 7 6 10 1 2 0 (=)

aCosine: 3(0.974672) 11(0.969484) 9(0.968779) 7(0.966631) 14(0.960999) 8(0.958775) 4(0.956723) 6(0.956405) 0(0.955866) 1(0.951673) 5(0.948064) 12(0.947243) 2(0.945561) 13(0.940995) 10(0.937370) 
+0+0: 9(0.958995) 3(0.955655) 10(0.951807) 5(0.945403) 11(0.935598) 4(0.935388) 13(0.931514) 12(0.930005) 0(0.910925) 2(0.900474) 1(0.887182) 8(0.886019) 14(0.885086) 7(0.882700) 6(0.824820) 

MatchingIndex 10 - 3 : 3 9 11 12 13 14 1 6 0 5 7 10 8 2 4 (=)

aCosine: 2(0.970673) 11(0.968124) 1(0.962461) 0(0.960613) 7(0.958587) 4(0.958507) 9(0.957410) 3(0.946621) 14(0.943539) 10(0.941837) 12(0.939144) 5(0.936178) 6(0.930940) 13(0.929986) 8(0.921731) 
+30+0: 11(0.970536) 9(0.952630) 12(0.945102) 3(0.943063) 1(0.940946) 10(0.940413) 5(0.923544) 7(0.915286) 2(0.915068) 14(0.895584) 4(0.894883) 8(0.887688) 6(0.874016) 0(0.829590) 13(0.824689) 

MatchingIndex 11 - 3 : 11 3 12 14 13 4 2 5 6 1 7 9 10 0 8 (*)

aCosine: 5(0.980277) 8(0.976711) 13(0.974459) 14(0.974414) 9(0.973865) 12(0.970320) 4(0.969610) 6(0.967035) 3(0.961962) 10(0.961819) 11(0.958130) 7(0.953600) 0(0.952229) 2(0.935399) 1(0.905718) 
-15+0: 4(0.975631) 12(0.951901) 8(0.927289) 9(0.921826) 5(0.917659) 11(0.906705) 13(0.904230) 3(0.902709) 10(0.898401) 0(0.868420) 7(0.835112) 1(0.828059) 2(0.820461) 6(0.817114) 14(0.783882) 

MatchingIndex 12 - 4 : 4 12 9 13 14 2 1 6 5 7 0 10 8 11 3 (=)

aCosine: 8(0.978091) 6(0.977667) 5(0.977254) 13(0.975863) 14(0.974708) 12(0.974326) 4(0.968788) 11(0.963707) 9(0.960822) 3(0.956704) 0(0.955321) 10(0.953587) 7(0.945631) 2(0.928677) 1(0.911083) 
+0+0: 13(0.955931) 4(0.955672) 12(0.937984) 8(0.927198) 10(0.912399) 5(0.909252) 9(0.870381) 3(0.866485) 11(0.843977) 0(0.825348) 14(0.818167) 6(0.763911) 2(0.759929) 7(0.751881) 1(0.750547) 

MatchingIndex 13 - 4 : 13 12 10 11 14 2 1 0 5 6 9 7 8 4 3 (*)

aCosine: 10(0.959034) 13(0.946087) 4(0.945990) 2(0.940461) 12(0.940280) 5(0.938344) 9(0.938320) 0(0.934321) 11(0.929404) 14(0.917769) 8(0.901694) 7(0.899521) 6(0.897630) 3(0.886951) 1(0.865070) 
+30+0: 4(0.961603) 13(0.947860) 8(0.939653) 10(0.927242) 12(0.926043) 5(0.898474) 14(0.898016) 1(0.894731) 3(0.886466) 11(0.879363) 7(0.869747) 9(0.863933) 6(0.837128) 2(0.837020) 0(0.777913) 

MatchingIndex 14 - 4 : 4 13 12 14 2 3 1 6 5 7 8 9 11 10 0 (=)

aCosine: 14(0.979672) 5(0.979129) 8(0.972953) 6(0.969467) 9(0.963908) 10(0.962450) 3(0.961547) 12(0.960944) 13(0.959199) 11(0.955549) 7(0.955427) 4(0.947671) 2(0.945993) 0(0.944112) 1(0.926237) 
-30+0: 8(0.957284) 9(0.954385) 10(0.942801) 13(0.942103) 12(0.935741) 0(0.934314) 11(0.932675) 5(0.930570) 7(0.929540) 1(0.923569) 2(0.901379) 3(0.899489) 6(0.897962) 4(0.890077) 14(0.852150) 

MatchingIndex 15 - 5 : 8 9 10 13 14 0 3 6 5 7 2 4 11 12 1 (*)

aCosine: 5(0.987963) 8(0.985163) 6(0.982141) 14(0.980623) 13(0.974637) 12(0.974216) 10(0.963868) 9(0.962001) 3(0.959956) 11(0.958469) 4(0.950417) 0(0.949945) 7(0.945232) 2(0.937230) 1(0.908424) 
-15+0: 6(0.949767) 7(0.934971) 14(0.927603) 13(0.918180) 0(0.914400) 5(0.909594) 9(0.907603) 1(0.905716) 2(0.898897) 10(0.896632) 8(0.894887) 3(0.885275) 11(0.878263) 12(0.869216) 4(0.806380) 

MatchingIndex 16 - 5 : 6 14 8 9 10 12 5 3 4 2 1 0 11 7 13 (*)

aCosine: 5(0.977750) 14(0.966574) 8(0.957277) 7(0.956716) 13(0.955431) 6(0.954843) 4(0.953886) 3(0.953759) 11(0.951429) 12(0.951162) 9(0.950602) 10(0.944056) 1(0.943614) 0(0.935921) 2(0.935596) 
+0+0: 7(0.920630) 5(0.918050) 11(0.915160) 9(0.915058) 3(0.907584) 1(0.902213) 10(0.892689) 2(0.888039) 12(0.860898) 0(0.858249) 14(0.843804) 8(0.840892) 13(0.827766) 4(0.818579) 6(0.810815) 

MatchingIndex 17 - 5 : 5 7 11 10 12 14 1 2 4 8 6 9 0 3 13 (=)

aCosine: 6(0.978498) 8(0.969150) 14(0.956109) 12(0.950261) 5(0.942583) 13(0.941329) 3(0.939773) 11(0.931478) 10(0.927564) 0(0.927311) 9(0.919052) 7(0.904365) 4(0.902231) 2(0.894553) 1(0.876230) 
-30+0: 6(0.969848) 7(0.932161) 13(0.921808) 8(0.920026) 11(0.888603) 0(0.886675) 5(0.886097) 9(0.879962) 4(0.874861) 1(0.872611) 12(0.869637) 3(0.856300) 10(0.847695) 2(0.809554) 14(0.754401) 

MatchingIndex 18 - 6 : 6 8 13 12 14 0 5 3 7 4 1 9 10 11 2 (=)

aCosine: 6(0.992771) 8(0.979127) 14(0.972369) 12(0.970519) 13(0.964010) 5(0.962637) 11(0.956167) 0(0.955977) 3(0.953684) 10(0.947489) 9(0.942267) 4(0.933144) 7(0.926979) 2(0.921540) 1(0.900936) 
+0+0: 6(0.982917) 14(0.971708) 0(0.956754) 10(0.927040) 12(0.916181) 11(0.911523) 3(0.891918) 13(0.889948) 8(0.889254) 5(0.888766) 9(0.874784) 7(0.872274) 2(0.859312) 1(0.838806) 4(0.827366) 

MatchingIndex 19 - 6 : 6 14 11 13 1 3 0 4 5 7 8 9 10 2 12 (=)

aCosine: 9(0.983700) 12(0.983607) 5(0.982840) 0(0.982006) 13(0.981250) 4(0.981225) 14(0.980791) 10(0.980532) 11(0.980351) 2(0.976785) 6(0.973287) 8(0.967512) 7(0.967188) 3(0.962431) 1(0.938713) 
+15+0: 6(0.975206) 14(0.972584) 10(0.945348) 12(0.934430) 0(0.930371) 8(0.926819) 13(0.882673) 2(0.872342) 11(0.871584) 4(0.860965) 5(0.853018) 3(0.847189) 1(0.841567) 9(0.835731) 7(0.835081) 

MatchingIndex 20 - 6 : 14 10 12 13 9 1 0 3 2 7 8 4 11 5 6 (*)

aCosine: 7(0.988315) 3(0.965629) 14(0.965222) 1(0.963040) 11(0.957113) 9(0.956804) 8(0.952856) 4(0.950089) 6(0.949285) 5(0.949068) 0(0.940311) 2(0.939106) 12(0.937250) 13(0.930031) 10(0.926403) 
+0+0: 7(0.977764) 9(0.937872) 1(0.932135) 2(0.914498) 11(0.909200) 5(0.908842) 3(0.907226) 10(0.899611) 0(0.899567) 14(0.864387) 12(0.863356) 4(0.828975) 13(0.816664) 6(0.811248) 8(0.797603) 

MatchingIndex 21 - 7 : 7 9 11 14 12 13 2 1 0 3 6 5 8 4 10 (=)

aCosine: 7(0.992189) 9(0.975256) 3(0.964346) 14(0.963799) 4(0.962818) 1(0.961608) 5(0.959033) 11(0.957683) 2(0.949861) 8(0.948740) 0(0.944579) 12(0.944496) 10(0.942138) 13(0.941831) 6(0.939630) 
+0+15: 7(0.970487) 2(0.932745) 1(0.925757) 9(0.922471) 3(0.888753) 12(0.888046) 13(0.887236) 11(0.885120) 14(0.879080) 6(0.866163) 10(0.855045) 5(0.838888) 8(0.838148) 4(0.793121) 0(0.774639) 

MatchingIndex 22 - 7 : 7 9 3 14 12 13 5 1 0 2 8 6 10 4 11 (=)

aCosine: 7(0.976156) 1(0.965440) 9(0.953785) 2(0.953376) 4(0.945051) 11(0.941608) 3(0.936912) 14(0.936689) 5(0.934112) 0(0.931665) 10(0.926732) 12(0.920053) 13(0.913304) 8(0.910083) 6(0.909037) 
+30+0: 7(0.979365) 12(0.949433) 1(0.946453) 9(0.945496) 5(0.944618) 11(0.941655) 10(0.940741) 3(0.914122) 2(0.911766) 14(0.900851) 4(0.900588) 8(0.880189) 6(0.872859) 13(0.839699) 0(0.831135) 

MatchingIndex 23 - 7 : 7 9 11 12 14 13 0 1 6 5 3 10 4 2 8 (=)

aCosine: 8(0.974326) 6(0.972203) 14(0.971996) 5(0.960967) 3(0.960497) 12(0.952733) 7(0.947972) 11(0.944688) 13(0.942847) 9(0.939705) 10(0.934724) 0(0.934249) 4(0.929233) 2(0.918600) 1(0.915918) 
-15+0: 8(0.952195) 9(0.946102) 5(0.943782) 12(0.943125) 10(0.938618) 13(0.937570) 3(0.935673) 11(0.934451) 6(0.932753) 7(0.926390) 14(0.923264) 0(0.922733) 4(0.897543) 1(0.884619) 2(0.880379) 

MatchingIndex 24 - 8 : 8 12 14 0 1 3 5 4 6 7 2 10 9 11 13 (=)

aCosine: 8(0.984073) 14(0.969814) 5(0.969651) 3(0.969215) 6(0.967793) 12(0.962715) 9(0.962274) 13(0.961014) 7(0.954597) 11(0.950055) 4(0.946119) 10(0.946051) 0(0.936995) 2(0.915688) 1(0.904960) 
+0+0: 10(0.957271) 12(0.952430) 8(0.950216) 5(0.937542) 14(0.932518) 13(0.931136) 0(0.926730) 11(0.914179) 3(0.914130) 6(0.905987) 9(0.902036) 4(0.894557) 7(0.871428) 2(0.842834) 1(0.818963) 

MatchingIndex 25 - 8 : 8 12 14 11 2 3 4 1 5 7 6 0 10 9 13 (=)

aCosine: 7(0.976001) 9(0.975872) 5(0.973465) 4(0.972105) 14(0.965811) 11(0.965771) 3(0.965727) 10(0.962817) 12(0.961743) 13(0.960482) 8(0.960191) 2(0.957349) 1(0.952882) 0(0.951105) 6(0.946725) 
+30+0: 10(0.965398) 8(0.960874) 14(0.954346) 12(0.952150) 5(0.927085) 6(0.918519) 11(0.918292) 4(0.918163) 9(0.914884) 7(0.910782) 1(0.910054) 3(0.904283) 2(0.902828) 13(0.881852) 0(0.856844) 

MatchingIndex 26 - 8 : 10 14 11 13 3 4 2 6 5 7 8 0 9 1 12 (*)

aCosine: 14(0.979682) 11(0.977514) 7(0.976039) 9(0.974561) 0(0.972230) 6(0.968603) 5(0.966899) 2(0.966317) 8(0.966035) 10(0.965080) 3(0.963978) 12(0.963732) 4(0.962643) 13(0.955540) 1(0.950292) 
-15+0: 7(0.968040) 9(0.965881) 0(0.960957) 13(0.954788) 5(0.951876) 10(0.943231) 6(0.937646) 8(0.933784) 3(0.928531) 11(0.924841) 12(0.924417) 14(0.923754) 1(0.923753) 2(0.906249) 4(0.898293) 

MatchingIndex 27 - 9 : 7 9 13 14 12 3 2 0 4 5 6 8 1 10 11 (*)

aCosine: 9(0.990197) 7(0.984436) 11(0.980999) 14(0.980477) 4(0.975983) 0(0.975153) 5(0.973565) 12(0.970600) 8(0.970432) 3(0.970142) 6(0.968274) 13(0.966731) 2(0.966723) 10(0.966717) 1(0.948601) 
+0+0: 10(0.968163) 12(0.961720) 0(0.960601) 5(0.949960) 14(0.948141) 13(0.947051) 9(0.941292) 11(0.931331) 3(0.929574) 8(0.919712) 4(0.914383) 6(0.911670) 7(0.899354) 2(0.888947) 1(0.853374) 

MatchingIndex 28 - 9 : 0 10 12 14 1 3 2 6 7 5 9 4 11 8 13 (*)

aCosine: 9(0.975805) 2(0.975286) 10(0.969417) 4(0.967813) 0(0.965837) 11(0.965105) 7(0.957717) 5(0.955322) 12(0.954656) 14(0.950939) 13(0.950293) 3(0.933090) 1(0.931778) 6(0.931587) 8(0.929572) 
+30+0: 9(0.974190) 11(0.969162) 12(0.964348) 7(0.951971) 5(0.946922) 10(0.945780) 2(0.931556) 1(0.929683) 4(0.915720) 14(0.911609) 3(0.906054) 6(0.887209) 8(0.875439) 0(0.844902) 13(0.822726) 

MatchingIndex 29 - 9 : 9 11 12 14 13 4 1 2 0 7 5 10 6 3 8 (=)

aCosine: 10(0.990326) 14(0.986834) 12(0.986343) 5(0.985010) 8(0.982680) 13(0.982111) 6(0.981038) 9(0.977604) 11(0.975196) 0(0.970459) 3(0.964698) 4(0.963250) 2(0.962487) 7(0.955612) 1(0.929248) 
-15+0: 10(0.967496) 9(0.956351) 3(0.954373) 0(0.950816) 8(0.949281) 13(0.946095) 7(0.943918) 5(0.939286) 12(0.936390) 1(0.935829) 11(0.928949) 6(0.923536) 2(0.915734) 14(0.912840) 4(0.909624) 

MatchingIndex 30 - 10 : 10 13 6 11 14 0 4 2 5 8 9 7 3 12 1 (=)

aCosine: 14(0.990339) 5(0.989801) 12(0.989389) 8(0.988869) 13(0.987118) 9(0.986476) 10(0.984378) 11(0.983425) 6(0.983115) 4(0.978646) 3(0.977972) 0(0.975142) 7(0.972122) 2(0.961924) 1(0.942916) 
+0+0: 10(0.983510) 12(0.967289) 5(0.961053) 13(0.954079) 8(0.948961) 11(0.938749) 3(0.937394) 9(0.934341) 0(0.929828) 14(0.926084) 4(0.925645) 6(0.890698) 7(0.875233) 2(0.867960) 1(0.854063) 

MatchingIndex 31 - 10 : 10 12 13 14 2 3 1 0 4 6 5 9 8 11 7 (=)

aCosine: 10(0.986734) 12(0.974821) 13(0.972361) 2(0.971840) 9(0.969739) 5(0.969216) 11(0.968848) 4(0.967475) 0(0.967381) 14(0.960317) 8(0.950585) 6(0.947605) 7(0.943303) 3(0.940868) 1(0.917720) 
+30+0: 10(0.982782) 8(0.964587) 14(0.958784) 12(0.955430) 5(0.934962) 11(0.933888) 9(0.925871) 1(0.925793) 4(0.924498) 3(0.919637) 6(0.917317) 13(0.915239) 7(0.913121) 2(0.899905) 0(0.860274) 

MatchingIndex 32 - 10 : 10 12 14 0 2 4 3 1 5 6 8 9 11 7 13 (=)

aCosine: 8(0.985152) 14(0.984373) 6(0.983465) 5(0.981070) 12(0.978252) 13(0.974678) 3(0.969788) 9(0.968689) 10(0.968181) 11(0.965849) 7(0.954579) 0(0.954322) 4(0.952105) 2(0.942679) 1(0.926659) 
-30+0: 12(0.964294) 9(0.949403) 13(0.945862) 11(0.942450) 8(0.936399) 5(0.930509) 0(0.923031) 4(0.919684) 10(0.918605) 3(0.918054) 1(0.917806) 7(0.887207) 2(0.857338) 6(0.809736) 14(0.804871) 

MatchingIndex 33 - 11 : 12 13 11 6 14 3 0 2 5 4 7 10 8 9 1 (*)

aCosine: 8(0.990617) 6(0.989081) 12(0.987972) 14(0.987305) 13(0.986326) 5(0.986226) 11(0.979263) 3(0.976688) 10(0.974428) 9(0.970739) 0(0.968516) 4(0.963359) 7(0.957545) 2(0.950552) 1(0.936684) 
+0+0: 11(0.970558) 5(0.969051) 10(0.968726) 9(0.958469) 12(0.953677) 3(0.952904) 13(0.937144) 8(0.923960) 0(0.921711) 4(0.919968) 7(0.914259) 1(0.913420) 14(0.911143) 2(0.897642) 6(0.861953) 

MatchingIndex 34 - 11 : 5 11 12 13 14 3 2 6 4 8 9 10 7 0 1 (*)

aCosine: 2(0.980972) 10(0.980040) 9(0.973800) 12(0.973736) 11(0.971883) 5(0.971794) 13(0.971396) 0(0.971334) 4(0.968985) 14(0.963174) 7(0.954487) 6(0.950906) 3(0.949480) 8(0.947803) 1(0.938497) 
+15+0: 12(0.974979) 10(0.968424) 8(0.961808) 11(0.954285) 5(0.940220) 14(0.932018) 4(0.931578) 13(0.931277) 3(0.926935) 1(0.922699) 9(0.919402) 7(0.916503) 2(0.916240) 6(0.886478) 0(0.878069) 

MatchingIndex 35 - 11 : 12 11 13 14 2 4 1 6 3 7 5 8 10 9 0 (*)

aCosine: 6(0.987657) 14(0.986107) 12(0.985941) 8(0.984466) 5(0.979891) 13(0.978480) 10(0.974518) 0(0.967768) 9(0.967542) 3(0.967526) 11(0.966483) 2(0.952133) 4(0.950949) 7(0.950003) 1(0.924074) 
-30+0: 12(0.964354) 9(0.945172) 0(0.942979) 10(0.940366) 8(0.940089) 5(0.935269) 11(0.926923) 13(0.921786) 1(0.919014) 4(0.906648) 3(0.894013) 2(0.882653) 7(0.875912) 6(0.841558) 14(0.813582) 

MatchingIndex 36 - 12 : 12 10 13 6 7 14 1 2 5 3 9 4 8 11 0 (=)

aCosine: 12(0.992533) 6(0.989242) 8(0.985029) 13(0.984722) 14(0.979522) 5(0.976938) 0(0.973368) 11(0.971435) 10(0.969040) 3(0.962202) 9(0.960742) 4(0.958829) 2(0.946324) 7(0.942592) 1(0.917869) 
+0+0: 12(0.970374) 10(0.966262) 5(0.965039) 11(0.963817) 9(0.962153) 0(0.952031) 3(0.948695) 13(0.935586) 7(0.929500) 4(0.921010) 14(0.918623) 8(0.915857) 2(0.915487) 1(0.915282) 6(0.875132) 

MatchingIndex 37 - 12 : 12 10 11 13 14 0 2 6 4 3 9 8 5 7 1 (=)

aCosine: 12(0.981365) 10(0.980113) 4(0.979999) 2(0.978302) 0(0.978172) 5(0.978081) 13(0.977165) 11(0.975936) 9(0.975046) 14(0.969363) 7(0.959433) 6(0.958551) 8(0.956666) 3(0.952112) 1(0.941004) 
+15+0: 12(0.981795) 10(0.967397) 5(0.945294) 8(0.945095) 14(0.944241) 11(0.939792) 9(0.928674) 2(0.924553) 3(0.922858) 7(0.920207) 1(0.920196) 0(0.915928) 4(0.909996) 6(0.901604) 13(0.893919) 

MatchingIndex 38 - 12 : 12 11 14 13 3 2 0 6 4 8 5 9 10 1 7 (=)

aCosine: 6(0.982115) 14(0.981576) 11(0.979471) 8(0.977152) 0(0.970866) 12(0.968815) 5(0.967472) 13(0.962689) 4(0.962379) 3(0.962363) 9(0.960421) 7(0.959305) 10(0.958134) 2(0.948274) 1(0.945006) 
-15+0: 0(0.943102) 13(0.934976) 6(0.934814) 7(0.931334) 14(0.927880) 10(0.920682) 9(0.916223) 1(0.908923) 2(0.902938) 5(0.901732) 8(0.900724) 3(0.893507) 11(0.889624) 12(0.876575) 4(0.827521) 

MatchingIndex 39 - 13 : 6 14 10 9 11 12 0 5 2 4 8 1 3 7 13 (*)

aCosine: 13(0.988426) 12(0.987430) 11(0.985411) 14(0.984284) 8(0.983856) 0(0.983631) 6(0.981972) 5(0.981811) 9(0.980192) 10(0.980185) 4(0.978182) 3(0.962841) 7(0.955146) 2(0.954199) 1(0.926473) 
+0+0: 13(0.970127) 12(0.968286) 10(0.961254) 8(0.952645) 14(0.941950) 0(0.941850) 5(0.938955) 11(0.930206) 3(0.924172) 9(0.922084) 4(0.919031) 6(0.913057) 7(0.866475) 2(0.865131) 1(0.853484) 

MatchingIndex 40 - 13 : 13 14 11 7 3 4 1 2 0 6 8 9 10 12 5 (=)

aCosine: 10(0.978318) 4(0.974731) 13(0.972318) 0(0.970908) 12(0.970614) 11(0.969709) 9(0.968166) 2(0.964516) 5(0.963834) 14(0.954531) 8(0.941192) 7(0.940642) 6(0.939078) 3(0.932068) 1(0.918839) 
+30+0: 8(0.955125) 10(0.953169) 14(0.944073) 12(0.942690) 1(0.940769) 11(0.932842) 4(0.931174) 13(0.929810) 5(0.926838) 3(0.920661) 9(0.916944) 7(0.914778) 6(0.888582) 2(0.887827) 0(0.833450) 

MatchingIndex 41 - 13 : 10 12 13 14 1 3 0 6 5 7 4 8 11 9 2 (*)

aCosine: 6(0.980255) 14(0.978826) 8(0.977671) 5(0.960752) 12(0.959354) 3(0.954594) 13(0.953399) 11(0.952298) 10(0.945193) 9(0.944529) 0(0.943159) 7(0.939720) 4(0.933259) 2(0.922561) 1(0.909550) 
-15+0: 14(0.965776) 6(0.958739) 13(0.952705) 9(0.951989) 8(0.948670) 5(0.944396) 10(0.937205) 11(0.934233) 7(0.933540) 12(0.932679) 0(0.932126) 3(0.915869) 1(0.907348) 2(0.890693) 4(0.887159) 

MatchingIndex 42 - 14 : 14 8 13 12 2 0 5 3 7 4 1 10 11 9 6 (=)

aCosine: 14(0.985142) 5(0.984995) 13(0.984265) 8(0.980512) 9(0.979770) 12(0.977962) 10(0.976752) 4(0.973297) 11(0.969784) 6(0.969715) 3(0.966111) 7(0.963022) 0(0.960891) 2(0.951492) 1(0.928314) 
+0+0: 10(0.967406) 12(0.957839) 13(0.951680) 9(0.951480) 5(0.951352) 14(0.949983) 11(0.949129) 3(0.943095) 0(0.936049) 8(0.928671) 4(0.922921) 7(0.908023) 2(0.903702) 6(0.894201) 1(0.890792) 

MatchingIndex 43 - 14 : 10 13 14 0 2 3 1 6 4 8 5 7 9 12 11 (*)

aCosine: 14(0.978040) 5(0.978003) 4(0.975458) 2(0.974284) 9(0.974278) 10(0.973925) 11(0.973006) 7(0.970820) 13(0.969517) 12(0.968686) 0(0.966821) 6(0.957461) 3(0.956228) 1(0.956037) 8(0.955287) 
+30+0: 10(0.969687) 14(0.965734) 12(0.954141) 11(0.950135) 1(0.946431) 8(0.946089) 5(0.946054) 9(0.938187) 7(0.936439) 3(0.921125) 4(0.914993) 2(0.912127) 6(0.911892) 13(0.890735) 0(0.852580) 

MatchingIndex 44 - 14 : 14 11 12 6 13 1 0 4 3 7 5 9 8 2 10 (=)

vFalses(17): 0 3 5 11 13 15 16 20 26 27 28 33 34 35 39 41 43 
MatchingHeadPose: NotDiv/Pose/NotNormalize/ - Div/Test/Pose/NotNormalize/ : 2015-05-28.11:45:41 countTrue: 28 / 45 = 0.622222

---------------------------------------------------------------------------------------------------------
---------------------------------------------------------------------------------------------------------
---------------------------------------------------------------------------------------------------------
---------------------------------------------------------------------------------------------------------
---------------------------------------------------------------------------------------------------------

